-4834
5592
4179
26643
-25709
4067
29058
-4342
-968
-18815
-2015
-29374
-22755
-21626
9997
-32128
28117
-12264
-29873
4928
30930
-24936
-734
-30461
26521
16914
-2027
23453
-22779
-15155
-1081
-17996
25981
14043
-29130
-5840
-4607
-3216
-9059
16431
-31987
23687
-31671
5554
-11050
-13309
-21275
-13952
17901
-18964
-15141
-4940
-22219
-20847
11068
-24201
15712
32625
7863
11909
-29777
-19598
2117
2552
-963
-31204
-16472
-24858
-30240
-16944
20283
23153
-27757
23846
10088
-725
-5482
443
14317
-4586
32327
18477
-29689
9090
26169
13114
-10701
-27704
-13359
-15064
-27214
-4463
22210
30039
31443
-15378
-11355
400
-10635
8441
26706
-1963
25265
23173
15414
21132
-24799
29625
9920
-26040
-7571
-12454
-21251
32078
4769
-22014
-5798
12681
-21017
-9943
-30788
28290
20417
2668
27882
19872
18469
1033
19151
-15750
-15840
-20001
-8050
-29546
-5742
29989
25605
24649
26328
-26766
12427
17224
28009
-12447
30912
-30676
-31128
31923
21480
-13135
-17560
16567
31136
-19827
-306
16262
-31163
-23355
22063
10020
-10809
-8845
-17992
-31275
5399
-15861
28529
10437
7019
22628
32629
-16003
916
-209
-9035
-21365
-8513
5098
-4344
24587
-4790
-9404
6032
-22638
5383
-13485
-25723
8676
9067
4591
2303
-31807
20858
12062
12786
29492
-3170
-343
-23548
7165
18512
2250
1304
25550
27831
21008
12673
30369
-27766
-29827
11962
30929
-62
30075
-11136
14032
2150
25125
-4173
-11449
22037
13955
14982
-29121
19659
11741
-13950
19499
17582
31825
19521
-8011
11326
26232
-9649
11463
-10213
17534
-3334
32581
893
-517
9254
-31875
-26623
22029
23928
-28128
-5938
-5482
-26195
28396
32144
7788
15497
3401
15882
-25164
-14545
-13273
27852
-21500
-3322
2367
-4797
-28553
-19010
23855
14834
24137
-21198
8205
-27435
17634
24556
-28508
29260
15878
7344
-22334
6433
-7689
8682
-8052
13157
-16384
-7415
-2181
15101
-106
8566
25979
14957
-22114
-21918
877
-28046
-24658
-17867
-13390
-20044
-30464
32564
-17083
17612
-30493
222
32003
22390
-24045
146
3524
-19940
26438
20893
-3392
5749
15251
19419
19223
11678
-24764
-17026
1507
8503
1
21984
-21793
28895
5829
12055
6667
-15640
17003
23789
27380
-15964
23994
30202
28627
-26454
25175
17001
183
-25896
31557
-12940
10995
7471
30974
32111
-25419
-13674
-30308
6365
-7787
-20523
-28567
-27835
-28786
27365
-28194
-609
2755
7374
28354
-8449
12379
30435
-29929
32239
370
-20826
-20772
5835
-16488
10828
-27260
12374
-30434
32473
-16880
-19611
-32122
-32742
23812
22521
-30675
-20626
-8975
-16007
-1788
-10863
22274
20562
2430
-25605
-13728
23955
-11669
-7938
-4852
7252
-9747
29234
1421
-18835
-26184
-32242
17381
23393
5290
14794
-11807
-21604
-18468
-15125
7014
-9213
-21817
23814
11037
4495
-30556
-31473
13407
10248
803
4885
-21408
18044
28126
-6800
-10978
23539
-31393
-26474
1175
5905
4165
-29232
1926
-1482
-14755
-28317
-31234
-16011
-29405
5619
9084
3379
31019
-19658
-28903
-6497
-1397
-10468
-12795
3658
-8419
15223
-12671
12884
-20827
838
-25427
-3771
9842
29121
-30349
-10801
4380
28938
-4361
-20592
9558
-41
-27917
-32105
12442
20950
-25736
27263
24908
13567
-10467
-4873
-10269
10019
31672
-30169
-8753
5241
6877
10468
-20627
8718
-11352
-17283
29510
-4539
29536
32188
-21449
6310
16019
-30781
24726
186
-14806
713
30066
29001
24713
-14997
30980
-11729
-7485
-18829
-16846
-17544
-16010
31467
4127
15648
-1705
-14197
26765
21842
-13695
-21837
31361
-10947
26245
-3559
-7339
-20894
-17820
24551
-20860
-1194
-20564
283
-12498
7927
20823
-5270
-29747
-9733
-10162
10594
29182
-22783
26951
7205
21781
-26127
-27200
-24683
-8843
-6885
9055
-26228
23560
5311
12493
-6532
5750
-24010
28482
19448
-12857
31440
4644
-14666
-3278
-18194
12103
-4586
-30272
-26960
7456
-3394
6172
1834
-7154
-1562
-2135
27963
-16908
21074
20123
8539
4226
30707
10388
-8507
16457
-24472
4272
20847
18425
9664
23286
26112
5178
-28948
13346
834
7527
17111
-9926
17889
-7418
2409
31658
-1047
4534
25752
23480
-10011
-27108
-4573
5586
26651
15792
16301
-12154
-14474
-9638
25404
26889
-19476
6751
-7405
-30649
13533
14920
8945
11423
-8670
-14380
21716
31525
4972
27082
4254
-3388
-5959
-19335
2473
-15598
3473
-28415
-28826
-25530
-13343
-11750
8423
-5403
21012
-16045
-12181
-5347
12359
26691
-23659
13912
16455
-28005
28948
26784
-30132
3752
17873
-31655
1937
-29208
-16968
8225
22328
16082
-15795
27889
20490
23696
-10008
-16431
-26648
27126
-26431
25349
-18833
-12377
20687
4965
-26545
15103
-11312
22783
-2724
-26474
11071
4249
12967
32444
31156
-26426
-8182
23192
11975
-31596
19635
11872
3144
16777
1050
-21318
555
-26417
-30168
408
16080
-3747
3306
17622
26815
26772
-8235
10036
-10722
5443
-28414
-11877
1789
19165
-3004
-17729
10346
26074
-22124
10146
-27609
-32763
3106
-19941
-24186
-21940
4984
31424
19602
28360
19658
6518
1480
-30151
-26945
3744
22761
-13810
1000
-12115
-27572
-7448
22233
20730
26378
-5895
1579
-912
15095
17802
-9077
10352
-13916
-5234
24794
21208
-4400
-26819
9021
-10533
-32408
-9112
25842
11991
-26796
-13015
27432
-12274
15423
26902
8714
27056
13462
10220
-8949
-31578
962
-4895
-15707
6803
-24032
-4230
-1754
-6918
-8118
20621
-11605
11603
9688
-11154
-17298
7901
14887
12325
6789
-19352
17468
2115
-3576
7107
25305
13546
7001
-16290
-19059
13110
-15373
5095
-14685
-5620
22881
-9873
22432
-28165
-1442
20737
31248
-22488
13783
24307
918
-6895
23975
23238
18811
-5226
27296
-27430
-4037
-12259
-17629
13567
-6274
-19905
12378
-2615
28589
4080
-9955
-11879
-6580
-16724
-27828
-10496
31608
-25160
-21222
-30046
2317
10281
-4933
-16140
-15739
7016
-15484
5384
-13628
-16379
3677
23038
-24931
24532
-23527
-7600
20363
-28862
-20673
2182
12992
-10134
-12835
17946
27399
17527
-21497
2685
10953
24559
-27475
-23715
2605
2247
1445
16193
-5719
18426
21322
19316
-20353
-8214
5803
28028
-19351
22435
-12953
-32475
-31826
-10278
24449
-11180
14168
-22351
-8253
20747
-23025
20345
-6306
28627
9754
2918
16835
7433
-9339
1110
23073
1365
13569
-14969
-5329
-29180
-18114
-20527
7467
8700
-29291
2685
-7953
-27203
-2161
-16918
-21832
-5331
21855
20957
18417
-15590
13010
26274
25263
3118
31334
24760
-16612
-27612
-16275
9351
21922
9723
16998
24914
23307
31571
-21416
18720
23981
18549
-15339
13376
18772
3205
11644
18847
-22333
28086
5010
-26061
-23694
-17074
31090
-21847
-17086
-8461
-31001
-2361
-10197
-14352
-32157
-13983
21478
-30955
-13611
26850
-13561
26523
-3417
15189
31550
27664
-32276
6154
16816
11407
25545
-27174
-22952
17827
-5284
19549
-26313
16886
-365
-27009
-6754
16020
-15419
-18762
-12177
-1983
-27992
19558
-12092
15796
-20137
14085
19116
24610
30208
-31019
10159
-11904
13732
11994
-98
-20667
19032
-8367
-13363
7736
-19227
405
14331
-13125
29380
23709
-3467
24133
-28631
26829
-4326
-2067
12803
18603
7029
-31057
27771
-415
-4046
-31485
25860
-5474
22207
19393
-31388
-24545
12837
1927
-2288
-15323
-1346
8651
9112
-30434
-30300
-8563
9679
24908
32389
-13638
5461
-4391
29842
-16257
12109
-32253
-6435
5663
6604
9324
9432
25988
30402
-9739
-24302
28399
20451
-15287
26966
-21917
17791
-30208
24947
5783
3604
-8819
3667
-31465
-582
29159
4647
-16005
29062
28087
-25110
32199
-24165
-32069
29676
6255
1334
-22361
16069
-24019
13057
6227
4141
-16893
26298
24342
29756
25929
-4109
-27019
31095
9670
22521
-21904
-1195
-5793
14706
-10620
-12355
-19174
-14741
-24780
-32433
13975
-3752
-28800
7060
28529
3589
10722
-30941
19370
-9946
-30124
7585
9424
-14125
-8388
19829
-6880
-25659
-18103
-24371
15863
-29903
-5771
30901
-9382
5784
-3977
-7368
-42
-7814
-17012
-17662
-30108
4958
7572
1290
-16719
-23197
-26481
2453
15775
-18240
-12585
4377
-26518
20988
-24474
-6954
-14526
17661
4211
21187
-30374
-28174
-5150
3262
24953
-24905
-21713
-24760
13680
13304
-11693
-17193
31741
16109
-17810
-13907
-8686
-5601
-10896
-20171
-1767
-22674
18178
-25171
19826
-11994
19181
15310
-21469
29807
15730
24854
32414
18537
2802
21828
-12609
10285
-23560
6475
1846
28764
-20900
-24825
-10156
19540
-30290
-13230
19606
27745
3275
27329
-2867
-29539
-25019
13830
-11809
-14585
24488
27160
3347
-4784
13523
-4357
-28503
-26788
-1302
-11479
20856
20275
-14411
-437
-14962
29749
29054
18036
-15658
29485
-375
-9752
-24119
-24948
-9197
-22834
-2054
16772
8930
-19807
2716
42
-17226
10538
-4053
1427
-27328
30267
6572
-10724
16153
-6684
629
12605
-24548
19606
18853
5972
-11893
-29915
-25366
15373
-29860
7254
29156
28779
-9642
1386
6117
-23271
11525
2859
-27991
3534
26735
-28337
-2271
-13020
-26387
23098
7362
-28045
-10448
22386
-5487
-19286
-19589
-15212
-25377
-25252
-22015
31048
24569
-27050
16255
-26554
-493
-596
10725
-22468
23401
24104
-14663
-1128
-8661
-27672
16217
11154
16087
9983
18481
-5363
-22895
12544
7666
-15619
14927
-30930
12771
-14371
20176
-22866
-2313
-4307
14173
9493
8694
-5436
-20967
-3949
-25501
-22497
21990
-18992
-7671
14093
2240
-25853
-4011
4835
-23362
-5735
-19308
29447
16238
-29634
-32551
-31261
-14280
27951
-1490
-17236
-22757
-11182
26648
4415
-14671
3872
-7236
-19699
-8008
31207
-1810
974
-120
-19867
-11939
28958
-7954
-3186
2912
-5740
3909
1131
8321
3451
12800
-25713
-9692
1058
-30117
-9685
10482
12524
27299
-11282
18029
-5304
12123
-10129
13991
-21374
27207
5736
-29786
14999
-17416
-4726
-21764
-25698
-10089
-16855
22739
-26987
-3064
-3084
-19329
8434
-5956
-27261
19239
26862
-5608
-12704
16799
7712
-11107
-25099
-30018
29165
-16834
-9284
1491
16099
22891
9565
-11792
-9718
2410
12911
24313
31135
-18548
-28415
29016
-25664
24317
-3196
30947
-9376
8297
-7561
10898
-17736
-23216
17585
-17254
25916
-12589
-23013
16008
-20707
-20760
-21642
20137
-18068
-29897
5986
29060
-20321
7083
28572
5897
11332
-26830
-31644
28216
-719
10141
15348
18431
-2652
-22393
29062
-9654
25295
-12967
-20810
-25995
30736
-3044
-22001
-16852
-12255
-16236
-15283
-19330
6105
15203
3849
-19535
-22927
14919
-16948
15471
3456
21684
-18276
11662
395
-8471
-25642
3364
11490
18849
-11197
31060
18066
-8473
15162
28369
18666
28349
-3762
-20606
26095
22102
-14882
19853
23282
-24168
-4601
-10291
4172
6286
-22897
17419
-16182
16914
-31956
-12639
28613
-7683
-6950
-16739
16799
-4106
-16733
28015
-20347
-6839
25876
-20163
-25223
-16024
-15250
-19082
-9230
13508
29123
25555
2606
2759
17837
24747
25224
-4739
6313
27614
14247
-11005
13915
-28905
-14474
10290
-24463
-24282
-29772
21719
-18289
-3220
14333
1802
30153
28162
-26327
16546
21593
4759
5643
-14718
-12547
-31888
-7715
14895
-21600
16453
32755
18648
-12662
-13470
13975
18551
-32000
-4398
-11886
18958
1654
-9444
10339
16450
2484
27734
9335
16262
-17462
8076
11740
20580
-26466
18956
-26778
-12965
-30784
31614
-8704
22461
-17382
-22246
4024
12188
19356
7826
-20392
-8530
2059
24350
-13858
-14139
-3785
-2211
-18655
-30917
-29801
-24917
9343
-2105
-8451
-10432
-17969
19689
22704
28609
-2550
5266
17636
-25306
22495
-23741
-31922
-21523
-2254
5629
-29048
-22151
-22589
18340
6603
-3033
-21601
23994
-4340
-13341
-8043
29518
-32017
20604
-16339
-3910
-22151
28250
22389
-5622
21799
-20111
30803
-9895
-32095
-18786
20079
5085
10650
-25944
-32054
32738
6282
-26141
-10448
-8324
27694
9148
12156
-20150
-12614
-2027
-19549
18782
31530
-666
24413
11023
-22827
-27080
-31667
-21867
32694
-16742
7164
-27847
2848
-14290
-4071
-21525
-11392
18522
-20982
-26790
30050
-16698
-2389
-16177
-15259
27714
15420
8265
-30772
-19060
22747
-1354
-27333
-595
26590
-10363
-27891
14300
10959
29685
-17551
-22349
-17105
-17935
16404
-6341
-7190
5549
-574
12741
26277
31033
18901
9734
1003
12299
-17854
-5927
-28743
-1049
-2666
-24688
18495
10095
3629
28655
4170
19493
262
-31248
-3885
-23100
9882
3062
-27798
-20631
-24907
-13579
17767
-5775
7485
21935
-25847
26213
-7455
-13702
3603
12471
-24168
23785
-15917
19690
-26740
-27092
-17114
-27265
-4440
19975
4827
-24618
23532
-26683
-6843
23404
18708
-29155
-16184
-6242
4272
6089
2928
-5712
7038
29957
4220
-18832
21556
24008
-3619
-10886
-16913
13639
-11471
-7845
-4571
-9649
100
-7943
31331
7786
-30694
-28824
24324
-15404
1516
-25820
6242
2977
29660
-2087
21782
-25237
17248
9933
14006
-15951
8750
28051
22259
-19145
-8848
11814
-9095
6879
21874
-30561
28410
9298
29799
-16821
28714
26555
7044
24528
28447
20521
-9466
-16385
14765
-11567
27120
20380
11716
-4821
1446
23987
28881
-17745
26310
12433
-11000
24376
-32351
26635
-28452
-10084
-11483
17984
-2257
-31942
-13014
-3813
-19936
15366
938
-19771
25488
14912
-8619
29403
-25126
14550
-27082
12892
5382
-2016
-1738
-12547
11017
-9901
-31502
-29942
17661
-999
11069
24449
12891
2503
8666
32389
-954
-13656
2127
27050
-26901
-15689
-17965
1892
2531
30118
9955
-4632
-30467
14378
217
3508
22608
-19400
26754
2457
26961
16347
-27948
2541
-9880
-15708
20159
10054
30485
-27872
286
-18449
-15629
32682
-15373
3834
-3982
640
-30640
21678
29123
-17454
12607
-19180
-11866
-2217
27438
-32313
13577
-18509
-12667
-31483
-11826
-8125
6788
17382
11465
7609
-6633
-31083
-2742
-15867
-22529
7556
14200
28846
5581
5478
-26726
-11633
-9291
31231
2663
-8954
-28001
21899
-9968
16089
25790
-9844
32029
-24119
-20121
-1984
6672
20711
6275
-2236
8320
31372
23665
-1279
21967
26400
-9468
-25883
-2078
2671
-5002
2160
-32671
-2482
23471
-32756
-29715
13053
-15605
-13241
25633
-11132
182
-13262
2915
29695
7391
30570
11232
-16172
28260
4111
18757
23651
-15850
-31628
-18689
-7223
1520
15060
-8539
16436
5548
8629
18169
16947
-28365
31589
29719
7149
11132
-30523
4585
3871
-22063
28764
5542
-20008
17473
8449
31271
-29494
16699
25938
-17631
26405
24235
-15116
-11027
3902
-31505
-26463
-31993
26894
1938
17688
-5963
-21372
27878
-28570
24127
610
21372
11506
-21347
-10351
-24018
19025
14001
-5727
26359
19282
-29177
15417
13754
15929
-28841
-25776
-30809
-23783
-15838
908
7251
-3059
19138
9723
5554
-10096
10631
7563
-20195
23584
7878
-21352
-5206
30949
-21178
10555
11104
20945
20312
-7650
-19797
10302
10535
7276
-23699
-19588
3279
5487
27228
-27070
9810
32519
-21309
-13018
-31971
-30535
20194
23688
-30281
10553
-10703
-5796
-14729
9983
-2017
24811
-19100
-22297
-24936
-14164
-8696
11089
6151
-28023
-17846
25923
-23739
-27182
20748
4879
9043
16288
-18069
-32192
6299
-24433
20356
25652
-19445
27303
-29942
-3608
-30263
1649
-2023
-3219
-25501
-4927
-26781
28196
1385
29166
-1936
18337
15663
20071
-30342
24816
-7358
9873
18361
-23796
7104
23303
-24501
15323
-3484
32307
11737
-32740
-31964
4295
8012
-21115
-19327
6766
15232
-29497
-27962
5069
16210
30636
-25287
8205
3833
3235
20599
17851
-9490
20275
3605
-30673
15068
-17213
-15869
-17418
-7474
14601
9630
-26380
30155
427
17012
-11769
10174
17692
-15219
-26473
4713
-7823
7042
-11751
31265
-29323
26528
29345
-12667
-3000
8960
2249
17458
28740
-16430
-7221
-19618
-27223
7112
15804
-26237
-13634
21918
7219
-22409
6296
-9214
-9985
-9405
-10722
28523
379
-14281
27501
16987
14994
26922
-1861
-15322
32492
24940
-30766
26759
28547
19251
-15874
9967
-22343
22417
-21608
22275
9113
-15591
10920
6742
8670
23727
-27284
14957
8886
-23053
29261
20020
-14082
32072
-31683
-30904
6817
23004
10377
9370
14126
1030
14047
27135
4747
31516
11735
27835
-2517
29642
11229
-28763
-16531
15972
-9741
19824
-13142
8691
-2165
-17867
6461
-13551
21627
13262
-16562
4373
12954
13874
-11216
-21933
-5292
7890
28356
-3158
26181
-12309
4308
-16692
3180
23231
-11982
-31590
28690
9033
31285
-1534
17952
11542
10922
-20978
-2280
-3387
15216
-32254
-11062
-28429
-18831
-24916
24722
-31177
-3602
-8524
-3502
-23043
-16652
8323
27237
-25186
26038
-12151
-27239
8445
8778
23509
-16605
2039
-13278
10219
-2910
1290
6431
27330
-20199
5671
26505
-24885
18465
-13192
9166
-4265
27367
-1082
22284
29478
-29958
13935
16563
-24028
25763
19355
18678
-17613
5466
-30838
25933
29412
-15547
20053
-12464
25004
-18673
-26728
-11613
-29276
-27746
-361
-27887
-14839
-10000
-3914
9138
29244
-23352
-23120
6299
-21775
-16260
23283
26282
-5690
-16267
18679
-16160
4631
23680
26642
672
-6158
12277
-22993
29871
21004
-19066
24884
10643
-30916
-14935
-13177
8697
-1348
7884
-5875
11151
391
31714
-25899
5969
6536
12547
5419
23378
-24487
-4813
-17713
32282
21522
30450
-5779
-10517
11327
10492
-19785
19023
-13267
-7014
16819
19414
-24669
-25888
-3487
13564
-27833
-14115
6642
-32318
-20836
16516
20678
-10396
-29640
-19493
10228
-11074
-10689
18950
15887
8506
15526
-14626
-34
15491
4816
-32740
-24685
20014
-1048
5159
-10122
-6756
24634
21787
-18085
-4357
28117
21365
-9692
-13722
26729
8481
-21042
-4922
-9723
23932
-20591
-29598
-1048
-24186
-28329
28546
30520
616
12497
8838
-13408
-10228
-18716
-3404
24752
9929
-6821
281
16191
-2168
-14878
-3993
5586
15054
-32516
24276
-27744
-14181
22136
-1196
4919
-5458
6400
24118
-12706
9967
-9971
-5154
-24983
-27707
23551
21957
8199
-19285
21204
11987
15786
-24980
10670
9791
29721
-11725
-22224
26812
14580
-8904
-16397
24405
-1793
-19877
-5040
-31109
-22977
16163
28358
21111
26233
31992
-16598
-6878
26003
-23812
12152
21154
5675
21797
8125
14238
-26058
-22127
-1588
-22129
-26419
-27766
11449
18098
29435
12141
-25781
-31155
-24711
-23194
23942
-9566
11850
-23284
3747
3584
15159
-21599
3039
25803
-2813
-32056
-26790
30143
-5555
-29216
16872
-27873
-6869
32409
7547
-16996
-24099
13805
-20724
18070
5674
13743
-22756
-18100
25587
-7569
21187
13841
2184
-6060
26718
-4799
-16952
-15739
28585
20747
8483
14016
16292
5193
17188
-2084
-11116
19065
-21969
-32291
5361
-4594
-10734
6828
17997
-24041
-31167
-12404
-1913
9192
20228
9956
-10463
-29704
20875
5121
-28813
2264
-21724
11165
-21618
-23160
-9846
-12040
-979
1438
-27367
7992
5172
28589
24329
17822
-9614
8691
-12623
-31637
12026
-4604
6431
-28409
13875
12958
-10145
-12014
-31767
-15191
31255
9817
-5727
10063
-31611
-29989
16971
-14241
17217
29425
-6651
-12608
21143
-508
20760
28406
20702
742
-26115
7840
-23808
28940
-19973
-32287
22258
-23818
-30460
5357
8421
2472
-15093
-15001
-17125
13295
20055
20895
-30344
27219
350
-5798
-9006
-20627
25799
-22699
22513
-5485
10895
10383
-28476
24573
4222
13292
333
4041
-16057
-11371
25749
25932
18302
-22515
-23815
13860
17060
11122
9803
-8254
-27263
-4817
19120
-23910
-13539
13916
-9099
-25302
9144
-5835
23940
25217
-17472
-11518
-9004
-21311
26734
30678
32735
-12187
-30401
20390
30699
31844
8287
1122
-19992
-15214
4942
-12588
-22469
-23773
17751
-28091
18714
-14522
2056
-20535
5604
-29053
9170
-16575
-16118
13032
-24318
-11352
-25823
-2409
9338
-4364
17959
-8957
-22307
9934
17231
-2351
-10400
-22195
-32245
-1528
25206
-7632
-23895
32047
-18202
-19016
-18592
-25786
18873
-13648
27228
32598
18194
-1736
12109
-21309
-1630
18551
12868
-24682
13851
-9623
-852
20869
-10641
17243
-5064
15093
-10151
14129
3345
-31028
25811
-18534
10303
17527
-11787
-9230
-10661
7781
1520
5829
11038
-14792
-13375
-26862
19235
28115
11437
22593
1035
5738
14494
17514
-30471
2205
30520
-20950
27486
2212
-4760
-30631
6630
23320
14857
29638
9503
-21885
6220
-28298
5023
22931
-18963
-4070
-17446
3387
10562
-2816
-26373
32412
-27719
3242
-26849
-8597
22315
812
8369
-4962
31804
-4238
-876
-19110
125
15898
4026
25128
26832
-17159
-17994
6595
22203
32415
5516
534
-17595
26860
10354
-31940
30867
2344
7648
28977
-20955
-1871
28829
-3802
-29544
2993
-3640
7309
12544
-32622
4938
7121
-9409
-32320
-5072
-21291
24994
26013
-25362
-10467
7906
9963
-23254
14168
19911
-17726
505
2424
-27192
13235
-661
-16814
4375
-29761
-25348
-18097
27213
-27676
-167
-29888
-31536
-7320
-1519
21604
-30505
31811
-25511
17033
18327
-17260
-7570
-13860
-22758
-5570
19702
-2986
31825
-7175
26259
25700
2354
-22178
14831
-12359
12609
21241
14160
3659
-6655
-25823
29089
-11026
-30720
-5304
-25848
-5056
20273
18250
-22682
18947
13731
-29692
32372
-15871
7439
168
-3526
-18000
8295
-5301
31518
-13307
-29708
11486
-7796
13453
25970
-23026
9001
25902
-19401
5665
10533
14940
-1847
-31822
14391
-12119
-7924
8221
-4648
-21005
19819
22151
-26838
31762
-24991
-5267
-23811
17803
-12355
-26341
-31279
-29417
-17830
6661
14670
19725
-22042
-24193
-10959
-28202
-27461
23504
21234
-7919
2198
-12888
29953
20054
-5848
-21631
26057
-5794
-28550
-541
-31757
21931
30304
17859
-22922
13503
24556
-17188
27139
-30357
-7007
16564
18565
-16143
-8441
-14125
29298
-3928
-28321
21774
11655
-2365
5497
-31097
-24297
19250
11587
-27924
6028
26015
18556
-8600
31520
8375
-5158
-19982
21758
12007
14140
-10286
-7876
24649
604
11653
-16184
21447
-22370
21520
-10746
-14003
-29346
-3964
-20750
30900
22200
25637
13885
-6009
23280
13201
22205
-11672
18718
32234
-2493
17162
-368
-428
30322
-14929
4195
31755
661
-25007
-9573
24990
-19823
12829
-13852
-25503
1247
6638
-9337
28195
-28810
13523
-13600
1866
8172
-9013
17341
19621
-5936
20054
-10477
-7664
-2879
-9928
-24227
-8329
29717
-23982
-27675
-9904
-28015
-1538
-4502
-3535
-15260
-31622
-8494
-180
30008
8185
13212
868
29984
-278
7791
-21645
23481
-11757
20094
-4423
19802
22419
-27298
-6782
-10439
-15685
-2989
11453
8008
-31375
7467
-11640
16361
-32247
-21894
-22451
27232
13436
25726
5635
-28740
27035
-21766
20079
21527
21763
-24241
-19117
31261
-6068
-11525
9346
-6523
21816
31546
21177
-10588
-1694
13580
-18520
13708
-28761
15102
-7790
-23110
-6955
-4663
-27858
7428
-27675
-31435
26255
19048
-9512
-3735
15873
-2165
-25506
1618
-18257
-29273
-22419
12440
-832
7934
24827
21718
-2875
-28854
6412
-10648
19507
-19732
-19312
-24985
-5121
-8778
23933
-27544
-12310
-16374
7122
15917
-1994
249
-14130
-24315
-21016
9596
-31468
4705
-19521
-29596
-8522
28897
-30800
-32140
-9035
7891
1598
-1989
-28371
13456
-22359
27553
10499
-11070
-14323
24377
-31927
-31675
23895
4960
-13083
-20523
24765
10199
21607
-17535
-26148
24365
31559
-31988
31199
-2980
-7048
-26429
-23820
1779
27904
-24421
-19708
-21890
-26634
-20080
-6784
14253
12840
-13755
2749
-21919
-19635
30617
-6152
22406
-18027
22657
5139
-24244
-11571
23801
-13369
5532
24995
-6183
-32611
-828
-13271
378
2668
18112
-30746
-19515
17737
4408
-31712
-20502
-29250
3438
-24630
-20587
28306
15754
-32646
-4849
3054
-7214
-1688
25240
1423
-9366
15279
24799
6743
24853
13951
11300
9554
-2528
16674
816
-28587
-27622
-19986
-6817
14196
-18249
-10163
-9597
-28581
-4866
-29617
-10573
19955
-8423
-22570
19431
28834
-9349
26527
17080
20412
8363
10639
27582
-3294
10840
23752
12655
-10478
30696
-1416
-24155
-8428
-20512
-32220
-15827
-18545
-3123
-11235
-2535
17066
30250
4840
-11013
15894
-20241
14179
-20104
-13899
-21605
18250
13641
-27612
6428
24052
-15766
-18500
15449
-23446
15952
20236
-24899
20067
1284
-834
24514
16959
8445
16995
1735
6245
-9165
-16872
4100
-16847
-14804
-31500
-8681
584
18322
-25776
341
-32415
-2850
14968
-11611
-14880
-4972
-15149
3850
-22471
-7993
-30445
-15064
11406
21759
3329
25327
-23573
31003
18682
1610
17134
-21251
32567
-20457
-14636
-8424
23084
23230
16720
-29989
-15746
-19112
-26037
15185
-26579
4255
10117
26817
-19830
30955
-24024
-25194
-12572
-16826
-22667
-25080
21051
-28185
18055
-21286
-2491
29747
-5106
-13612
29082
6708
30112
26116
-30793
-16178
6614
26690
-677
-12787
-27897
-16182
31576
-15564
241
14341
26946
18759
7381
14807
-1793
-2602
3342
-1943
16086
28239
24162
6163
28259
4547
12313
-12789
-12989
22022
1691
3626
1736
31641
-545
4473
-23655
24363
-30043
13071
-21837
-17830
-8643
-23640
-9274
-4629
-28350
-8879
-15714
9111
-30324
16096
-29601
-26021
14259
-22272
18900
31266
-29550
-15284
14438
-6102
-1568
-11368
2809
30695
16358
-7316
14610
25762
21918
-3732
-5313
4819
15556
-11661
-23688
342
5588
25440
-28251
-7778
8004
-13365
9257
12144
-31904
-32359
-23958
8917
-10998
-1850
29941
30309
-27703
20088
19244
23976
31249
27579
-30105
-1064
-30519
-10102
-6748
-23083
-18330
-31631
30049
29899
-26966
21575
-2499
-11663
-28966
-12332
26895
-8859
2486
-19344
-11529
-26483
9551
10138
-24134
-19032
-31560
-26484
2988
4719
-29532
5747
-20348
4945
-20741
-15740
-4797
12499
-13275
20446
-18110
29457
14133
-9086
30955
16452
23223
28160
19216
24996
-32000
-11063
-11764
22372
5425
13641
26476
29548
19096
-25253
18440
-31372
-21149
12240
15577
31495
-10349
8971
-27342
-2579
-29368
-21812
-5056
12773
16473
9840
16630
-8344
-2831
26826
19121
-15837
-14461
-19526
19668
-21580
-18470
-10864
10088
6250
9213
-20405
-27502
22793
-2708
8918
-2026
-12861
-28212
11158
16086
-23864
26043
-15083
-15373
12053
-11059
1510
-29155
11528
-26919
-21501
18759
-417
-26859
-9078
-17432
11236
-24435
-7207
15298
-107
-12358
30328
13148
2270
1773
11176
1419
6132
6327
25762
20262
16750
-5727
-31533
-9823
-29036
31889
-3833
-26934
-460
-30871
-5959
3416
10111
24697
19887
-22623
-26061
-31283
1513
-161
-226
21509
11956
768
-29883
16576
-28531
23854
11508
26468
20911
-20754
16628
12862
-30615
-6253
30045
-19958
25297
6392
-23932
13294
-18297
12634
25803
22193
26004
18536
29799
5517
-21820
-22839
-22828
-22823
2833
-30820
4053
29421
28838
24520
21795
12220
-18469
1222
-11433
16066
-8734
-22798
24393
-12334
-29803
22354
7803
-16842
26928
-10662
-15389
-21045
30372
-22923
-19571
25320
20663
21271
18621
-20827
-10464
1109
29377
-2573
-16178
-18646
12976
16046
-10310
-442
11756
-25607
-14296
6651
28467
9141
129
25888
7526
26677
-191
-20113
-32760
-31592
22129
-940
-396
-26288
8065
18467
-29390
19186
-29952
19686
-4097
32610
20524
-5445
9027
771
-28174
-22591
-27633
30566
-10370
-45
-23656
7694
8085
-21156
-21812
9958
30003
-11764
-19539
-27526
-27742
-7326
12259
25008
-5668
25639
-9635
-2534
-22527
-27570
-6962
-30545
-26503
23032
-19748
-21173
-10636
-19730
16122
23403
-7910
-31415
24747
-682
27290
-23999
1954
9756
3720
21575
-19842
-16137
-7379
-5894
1552
6195
25094
725
-31875
-31900
-13964
24088
24310
-26857
-26225
-6717
-23568
13630
26336
-6104
13124
-15223
-28799
-10360
-24650
-8700
-13205
-26165
28624
-5637
-20533
-14846
-31066
-1670
-24623
13053
-17876
3189
15564
4578
-10428
24259
7317
15427
-5218
-29676
-11663
13885
10454
9576
-16762
29246
-6213
-15317
-7928
31542
11506
7143
4094
2941
-781
-14430
24385
-10833
-27798
29445
1582
25875
29570
-32675
1917
31599
-5924
-16115
25828
-1217
-20374
24907
6194
-1242
32661
-20038
12808
17109
30758
-32688
-1804
16242
5906
8601
22569
-17267
24838
24663
25573
17603
20540
27619
22056
-29650
20236
16081
20474
-27209
13328
-9396
11778
-23462
13263
-1514
836
3960
-16794
-31443
10780
28724
3531
24404
-25967
22066
17171
-28014
-5725
-28938
-17410
-22251
21901
-31639
30543
2890
-12757
-21208
-26838
-23029
19484
-552
-27605
27118
8765
10508
183
-10029
-4498
27902
6897
-29422
31039
-26055
20816
25511
11657
22861
-15504
31960
1712
-26008
18627
-5699
20044
-29303
-32146
27933
-308
-9763
-7544
13910
-27664
11011
-14533
31477
25292
21453
-28344
-26016
-18528
-15317
11481
-2429
-11787
27331
11598
-9963
10936
24643
10266
30701
11871
2219
-22959
17563
13721
24800
-17690
2138
-29059
-32427
13721
-15430
-3715
-9496
3990
-4894
-16462
19448
16144
-21139
20799
19491
23489
2603
30771
170
-27648
-31433
-27256
26730
-29551
211
28116
28896
-29040
1178
-8764
-726
-13456
-18356
-22898
-9655
-13850
-10554
15798
13471
-30742
-3511
9430
-17608
4931
15313
10049
-30355
-1146
11852
30871
-32250
-27797
3285
6157
-8764
-24258
-24054
27641
-28996
-9510
-20623
602
-9239
-10384
19780
-10496
2255
2934
-12595
8069
-7628
27487
-28220
-4837
28088
11190
-25619
-16666
-1782
-18488
24289
-99
16086
9739
26235
-21157
-16184
-15364
15807
-12852
-27841
24717
24771
-12340
-18196
7327
1778
269
27865
14035
-10789
-12388
-7404
-17978
25532
27310
-22220
-20616
23059
-21430
-24066
-29349
-1927
-13353
83
21299
-31044
-30952
25660
26287
8914
21097
-13358
-10469
4217
-17619
31351
7488
13253
31621
-2037
-27095
5361
12628
6232
-14167
-4289
27367
-24508
-25165
22260
6275
13542
10113
2923
-7528
9336
31985
-31029
-25512
-26819
-12273
-22662
9558
-30381
860
-4403
-5923
-3531
-26675
-4743
-29871
5373
-12503
25755
-30956
23567
22514
-16689
733
-15087
-25022
-21044
1158
-14980
23427
13829
-11884
-13853
28193
-32362
-968
-8496
-30119
3839
18147
-27198
7255
20807
-3198
-1420
29139
-18907
7317
-21503
-32251
31012
16735
31824
-9515
5541
-13772
-25218
14639
30456
-21356
-24877
-20352
-32043
22006
2399
-25019
5299
18242
26602
18159
-6596
-27939
-9169
-10042
11204
17515
-11233
14589
-4206
13729
29581
-9966
-3766
8426
-30070
-28582
883
13354
5742
-22012
5645
395
23216
15124
26094
-15600
31717
1393
-29522
1911
-23752
-8891
29859
-14339
-14337
24994
-8340
24681
-12211
23249
-23428
22670
-27243
-15511
27243
-5806
-15112
27720
-549
26839
25344
23622
-17623
-13718
9626
26184
-744
-16990
-11156
-25315
5663
-4652
-3685
13109
-10376
8608
25471
-18101
-22390
-3967
12820
-16072
26206
-25285
1863
25738
-24351
13601
-15546
3601
1685
22158
32682
-32110
4385
30314
21386
-9580
-19797
18617
2623
-2347
-5385
23483
13165
18108
-13524
28258
-24043
6536
-9613
-3044
-9577
5326
19699
-10245
30788
-26410
-32589
-28325
-24152
-17556
-4803
-7534
23375
-3874
-20566
8667
-13508
-553
-932
15053
27423
-20345
30110
-19186
-15326
-27916
-4049
18754
-26840
-490
30278
-18471
-30348
-28152
14020
-22654
-16372
6058
-995
2275
13706
-28383
29943
5851
381
-31168
-24426
-14902
-15581
-6694
-32352
-16989
-30880
21758
14
29317
-8543
21060
31951
26268
14418
6456
31874
5590
519
8553
26653
-18651
-27550
-5604
-1746
86
-19511
24465
29674
-18965
-14938
4289
20172
-21717
-4404
-29813
26315
-8262
15489
-27528
31598
13752
-19804
15372
21057
5597
-15326
-6145
-5978
14970
14649
11621
-946
27888
-26802
-23341
1295
29058
18727
-1061
-18033
-29890
-13396
-8257
-23090
6228
21107
-20973
25115
-19647
26161
-10989
22799
19022
1864
12699
-10130
-2242
15440
404
18235
-3433
6959
-20163
30081
-7237
7175
-28230
-20305
-1218
21987
24709
22851
714
26336
28117
-16532
-11886
2504
-21177
30492
-19803
-22820
-22698
-25186
-3630
-6831
-8385
11772
9122
25320
-3621
17404
-13146
-10077
-6105
-21259
-14993
-3999
9937
24739
6831
25717
-31860
14965
13512
-18219
-12117
6282
-25353
16614
-22440
-20725
1326
-28119
-4292
-3872
27890
28173
15448
20512
-16094
-30497
19766
-29278
-12445
-24741
-16978
-27975
5030
5719
10972
-23638
-2687
-23197
3200
970
-437
-8430
30257
-26485
-21007
28955
-9403
-295
11084
2503
-7630
-17226
-14975
-2989
29573
-29954
-9163
21469
-12668
3418
15647
-30115
-7670
-8002
23373
-30393
1503
-25006
-12741
6573
-8326
-16884
-15240
-551
13011
22861
-8290
13182
12733
-10605
-20021
-5070
-14941
-21190
12220
5090
-18364
25165
8436
-10276
-21597
-21702
6852
6951
-20240
-31343
9116
7950
-15251
11316
20345
21309
11598
15322
-3290
-22846
27988
3022
-14637
28250
-4002
23042
2736
-30393
5428
-14968
9212
23598
-23464
-20500
-21209
-22835
20016
-17798
-17907
-23504
8011
-13639
20675
23704
-28856
-20681
20491
-5986
-3273
-32261
28572
27017
9025
-27767
611
20152
-23079
-11406
11038
-22071
1397
-5335
18675
-8444
23264
-1337
-9013
22160
23854
-31150
2196
15703
-14749
-31179
-21218
-26638
17596
-23606
28961
-22028
-8364
744
-3803
-1242
-225
-14411
-830
13793
-25128
-11798
-5932
-25558
26507
14456
-7625
-14545
-24962
31453
2329
16801
-2901
-8653
26588
-22713
16440
31064
23051
-22439
9972
1265
-11611
13682
2360
20019
3278
14499
30451
32030
14816
14527
-17477
2219
-6051
-14512
-16977
-17416
-25591
-27718
813
10550
32144
-13779
-18182
-24650
-7610
11771
-15701
-14151
-12095
-15355
19988
28002
27879
25727
30359
-27167
22765
3739
-9944
-256
31034
-27999
635
-25735
-8472
23285
24086
14066
-5950
-11281
-11085
-18577
-15294
21341
16500
-4937
22086
-17539
23804
-30226
-12643
-32017
22042
-21582
-18057
5076
23376
31836
26147
-31839
-27931
-11010
-11951
1017
12263
-7815
15200
-23115
-18264
23830
1247
-9614
-20054
-25416
-19306
-27398
18336
-2377
8349
-17795
-18623
-29865
6256
-29062
1311
21902
9809
-32679
865
28783
11489
-2306
25101
3403
5027
-18216
-8685
32652
-32073
17298
9675
13019
1314
951
-14545
10699
-9815
6184
513
-13461
7070
5357
31159
-6659
-2714
-29732
-24746
30221
-7789
-10295
-4794
29745
-1711
-1234
11405
9262
-21816
-19987
22259
18955
21043
-31765
3664
25453
19787
17501
1125
-7944
-18884
-29723
2779
-15207
-6987
-17696
29647
-2709
-17190
-26533
-13906
-18446
3717
-31258
-3626
-31137
-18238
26852
4792
-24404
-7705
-18707
26268
-17154
-32292
26016
-14539
21117
-32086
25250
-6191
28308
26702
-30575
-27339
8853
6732
-7208
-31957
-21750
7367
-23533
-20298
27580
5954
7997
-23873
32396
-3858
11406
-11498
2694
-15346
31748
-18215
-32231
11415
-32088
-4333
12144
-28199
18407
-30592
23777
-1447
8428
-14690
28240
17574
-25847
-13210
5878
-11481
7559
-16189
11314
23452
-7865
-4468
1994
7056
27532
-27689
-13663
-19868
5641
16122
112
23729
29090
31549
-20367
-32437
-26487
9434
-7211
-5292
-27858
-6326
4294
26444
14837
2265
-17967
-26956
-16649
-18645
-15889
21227
7441
4686
-298
16954
24379
-26763
-20020
-6922
-10185
24376
-29907
16875
19051
-20238
-8494
-770
-17162
497
20672
-24239
-14046
-30824
10584
9733
17228
-11341
30352
3585
-18081
13034
-3993
-10078
31397
-9871
-2722
-30150
-4480
22658
-1070
4402
22656
-17388
1931
27791
3473
4800
1553
-2281
24072
-24154
-10560
7956
-12470
23621
25331
23452
-20360
28578
9002
-3770
-16951
9641
-25164
-32373
-21531
-22832
18170
5518
-9253
-690
8293
-8063
10752
-18205
-15732
-4538
30428
25813
2461
25403
31239
30096
12021
-20935
-7866
7066
11775
-1140
2053
-26240
24846
30379
-7625
-3363
356
19310
-15591
25557
-15300
31685
10297
-4904
6956
8919
-16957
22096
10652
12669
3280
594
-7074
-31796
-29815
-4634
28686
-31167
-20396
-16215
-6182
20087
3616
10675
7740
-32277
28206
18640
2840
22478
21230
21818
-25334
-6575
31372
25969
18734
11581
-4633
-21441
-19919
-9818
19718
871
-1772
-27712
24219
15737
-16897
-17386
-15628
-30166
-9263
-8217
-16595
-24735
-4326
-369
29787
-15580
-7096
-28610
11417
-4545
-25607
2526
13750
-17326
6950
14803
-24142
-22494
-1916
29538
23592
-25289
18158
-164
-22178
13582
-6565
-18941
32562
31133
-6168
1830
1757
-15089
2491
-27412
-21819
-2582
9671
16625
-22980
-2279
-28978
5105
5033
5002
739
-23696
-871
32692
12512
-21118
-19832
-19057
-8997
20566
26429
30651
-96
24593
13583
14611
26369
19226
-14904
1873
15864
-17827
-10122
-31466
-23686
-27606
-1909
-31266
7989
-21846
16042
15296
27145
379
17708
32243
32636
-29258
8235
-8584
-25118
-22975
-13727
4706
-12588
18936
24487
28388
13214
6673
25330
20669
8059
-290
19686
30489
18366
17967
-5003
-31773
28951
-20560
8003
-11942
21952
-25412
9130
-7246
-24685
-29204
-9982
1920
-23033
4800
-5098
25633
2466
-10804
-32146
-1548
9654
29651
-13269
-1681
-4537
-4397
-21270
13095
16402
-23374
-32500
-9583
-18445
2245
-7545
13352
31723
29168
-31464
21478
-25924
16549
2673
-29799
10622
-24024
-26792
23185
-6109
16160
27411
23803
-25045
-15700
5076
26022
21046
-19144
-14834
-12276
1543
13802
-7339
24090
-12459
8833
8543
-1761
-32339
-13641
22565
21264
23500
23153
-29632
17598
11357
17177
-26834
-26962
17645
23817
-521
32195
-27092
19564
-2114
29894
20597
-6489
-25285
1978
-21138
634
-17504
13271
-22461
2908
-29883
26999
25531
-2423
15429
28599
12474
-18679
-32255
16772
-28346
-13710
11598
-21403
4266
11509
30896
20793
3630
10950
-17477
18228
-29294
19600
-9773
-6582
-2008
-11960
18072
-30356
-19135
-9865
18770
-20491
22649
-29965
-28697
-9711
-19907
-17275
8646
3207
18451
16500
-3272
11593
8810
28890
23590
7191
-15791
30028
-5865
-18564
-24102
-13435
16980
-17836
9397
22269
-255
-15885
4143
4384
-29598
-26570
11936
1087
-23155
-7375
11907
19904
5504
-21733
-15175
-18667
-29093
13091
-18151
27208
32502
24309
32178
23664
26978
-5442
-5428
-24378
25723
26551
30877
-24976
13323
-4261
14063
-5773
27923
20483
22264
-19134
4765
25501
2613
-14545
23093
-16359
-19464
153
21985
-5434
-27881
-23926
31599
20440
10507
16981
13711
26176
-11039
29620
23639
10060
19505
-28784
-28599
-25951
-16122
30803
-17417
-16180
31348
31131
7836
18816
-3346
2940
-22091
19358
-11890
18726
25072
-16087
24584
11537
4605
9619
16318
32242
-21441
12050
6035
3045
21292
13348
14063
-4807
20717
-26123
18859
-24471
11376
-29409
-22502
29743
-5021
-1941
3335
17556
-24562
-14697
32649
-542
-425
-4798
-8106
-31537
32430
-3625
982
-7906
-12511
25770
-204
24058
28809
22641
-1043
-24667
-23898
-15810
9316
25045
-7192
-22735
3743
-31462
-10792
21106
31771
31885
14095
-2185
-12713
18141
-5399
-21532
14471
-28557
8802
-32130
12491
-14910
-13001
-10281
9821
-4315
27433
16553
27822
-16056
1412
-25442
24444
25996
21057
1860
-19899
5991
-22367
-8738
-13087
-24597
-21460
2806
-1338
9128
-29946
-24279
16534
28935
-21847
-24452
28524
-14062
24414
-10362
-8101
28094
4455
29619
-17113
30712
251
-20069
916
26146
10582
25955
11268
11420
-14866
4949
-8215
-24743
14583
-31989
-24171
-27880
11570
32649
16225
-32156
-29282
-24139
-6027
17439
31923
-24227
29943
410
-27490
-4731
-5630
10909
-22552
29229
23874
-31878
15355
-21418
32087
25892
29650
31705
-5680
18935
-17482
3234
9689
26242
17175
32060
30903
23072
-6153
-12842
769
-7107
1844
31828
-4210
-18423
-31115
-10880
-15605
-5626
7094
4295
-22989
-7234
6110
-8914
18558
-22877
31200
-17284
12015
28129
-13867
-6138
-31420
13957
-20083
-12171
18057
-8571
-5329
-10881
10272
-25065
-3253
-30046
10574
-3151
31841
-6099
-4409
-1508
-28156
22342
-1861
23826
18157
14067
-21755
-17246
6430
-9520
-11729
17242
-3319
27463
-14034
-1981
23722
-19709
10550
-8624
-17129
121
31509
30723
-5325
7888
25090
27773
-22659
30139
25148
1664
20013
22892
2229
29435
12170
-3022
-31097
1319
-15148
13693
-10008
8701
13848
-21539
-32320
-29234
24772
21064
-24760
32352
-8143
29907
9322
-5581
-27122
-8482
-3806
-25082
-426
-4622
-19161
14582
-14483
-7096
15567
32457
-16381
-26401
2250
-3813
-25710
-13694
-17369
153
10319
-21710
6563
-17074
17760
24997
-27427
30210
-8170
17543
21456
-13303
-14297
4848
14034
-22540
21605
30592
4851
-13483
9064
-13423
-14253
-3722
20376
4309
-6157
26658
730
-14535
-7018
-10532
12276
15168
197
28919
17631
-29626
8153
-27868
27240
9175
14343
11325
29386
24181
32055
-21208
-10222
29146
-264
-10237
-3574
9414
-7961
-27922
-15682
8562
-29991
-14133
20652
-26378
-3252
-12307
8993
-2272
-1929
20422
21969
-13272
31690
7912
26900
379
-14795
25569
9616
28485
7703
-31915
3026
-30748
20750
-12376
-2046
-17852
31068
20371
28503
25477
-18412
-2905
-3303
-10597
10606
1482
1689
9162
14639
20038
-19375
-27971
-20174
22451
-16561
-13407
-16618
24061
-24335
-13693
-2889
25290
-13386
7746
19425
-10941
-14944
26152
-30394
-28592
-7891
27172
27500
13230
23174
-15885
6549
-26516
-16794
712
8674
-11518
-17009
18833
3701
6181
-24223
19771
20981
-13388
-16472
815
-19113
26799
32394
23433
8578
-7627
-25390
9859
16563
-9518
23377
27287
10014
-6570
-24630
-1420
5020
31903
15456
-27316
14010
-27150
2849
-1485
9599
22332
30186
-16325
-28816
10548
-2894
7637
32232
-23518
12684
2005
-22655
-24401
-31558
-28401
20750
14895
-13930
-12226
-22659
-18013
-15547
27601
-23013
-4990
-24385
-28025
26113
4056
-2302
16447
-13897
-13743
32615
-16005
-9223
-27418
-31843
-29055
-2061
-1068
16061
16728
-10969
11692
-30797
1169
-32357
27327
-5710
-22917
-10022
-637
-21633
14406
4493
8977
23696
-26927
-4056
11233
13544
17113
25396
15664
-28359
23809
14657
-3537
-9299
-15760
32487
-5760
6003
-27825
17360
-16535
19339
1176
19371
-15706
-12589
9140
-27237
-18589
28297
22399
-12379
13605
18165
23260
-15728
-28915
-14856
3733
21049
32365
-31383
18519
17276
19582
-19126
3278
-12080
13989
15069
27799
-12643
-3963
-28884
-314
-21646
-5974
13172
-32474
-14372
-4908
30999
-27891
18345
-18188
9467
-7890
14572
-28651
-15069
6612
-18274
25300
-13591
25650
-16619
10667
-21740
6596
-27160
19846
-31538
7616
-13013
2736
625
8390
7289
-16261
-31406
31410
14932
-15423
-2972
-8085
15158
11015
-6357
-12275
1645
-3734
-13468
-26952
17238
17572
14645
-12606
27501
18358
-25416
15948
-11747
21258
-27386
26570
18276
-8285
-13572
-25000
-31667
-10042
-5629
-21936
16412
-32634
3780
-21516
9561
11267
-32115
20056
28484
9701
9611
-1023
15429
-28129
-15702
24952
5925
-19233
29814
28355
4360
-12880
22955
-13642
9800
29627
31204
-21397
-19818
-30725
-2056
-32611
-15743
-32082
12267
-12454
8127
17163
-12566
23898
-21508
2910
-30265
40
8458
-10369
-3415
16381
-5483
9338
-10078
6644
1745
-6808
-12578
-7118
21640
-22810
17792
12975
-11021
-31608
2219
32520
9998
16048
19127
3990
26609
-11360
-26507
6875
-30341
9733
20000
-32700
-4037
-20348
-6476
-24251
-26085
-30668
-29251
21402
6568
11953
-31814
-28453
17901
-25234
-8966
26860
-23132
15963
-11860
-7033
15475
-22267
25014
-31688
-348
5818
1338
-521
2575
29927
-23046
24926
-6869
-7727
-27388
12328
-29962
-8709
25512
28095
-13636
13579
-23659
-28297
-22483
28605
-32336
-27426
1557
22926
6898
21439
5697
-28418
-20757
-2896
-7590
24775
6655
23983
12973
-7996
-22285
-24628
27343
-23033
-8886
2295
-24060
13569
9930
28775
-21120
12090
-7356
26457
-5954
16119
27750
-24388
25188
24344
1096
-15110
1487
-29059
-24821
9805
-27869
7684
-13856
-31166
-13159
19693
-12998
27341
11218
5147
-9870
-17757
25008
-12874
31208
28546
13792
-11510
-12675
21313
10160
-29732
25318
11050
10190
-6626
-22686
29752
-23159
-10979
-26706
28723
20680
-19785
-13257
-7374
-14033
27231
32517
-14651
24050
-26040
-18777
-13431
27371
26118
-5078
-13729
12760
-27477
-23904
19033
4505
26181
-29995
3424
-5008
26956
-1105
29191
-32219
-3897
29395
6137
13152
-22607
-4430
14514
-5084
-5496
17086
16967
615
26803
-13482
14282
11773
9879
12495
-7004
-24172
18091
7802
-16933
9659
-2323
20476
-15676
-21830
11550
-15946
-31633
841
-25976
12134
-16504
-32097
-434
32039
-23479
-7546
-28939
13677
12642
15390
-14529
25672
-22218
23292
12327
18620
-2288
8217
-16546
-15059
10736
4162
-12090
-30688
13632
-22843
-8969
-9079
-3553
-27746
-10411
28829
-27303
26324
-2074
-12475
-32401
10913
-27495
2467
-12398
14905
-25148
-28410
27299
-4429
-637
-484
7750
-19175
28860
15865
5605
-6542
14849
-16249
21179
15271
-26654
15642
13272
-4668
2789
-1789
12003
15511
24242
304
-8798
1105
16948
-25545
12770
-30330
14881
-12650
6582
7486
5960
-4746
-30143
-9509
15003
5666
395
19201
19539
-19574
-18649
13628
-11895
-25587
-12691
16879
27684
2030
3677
-14354
12900
-1025
-25249
10769
-6629
-7024
18711
28979
20463
17479
-8702
-19150
27304
26285
-688
11048
-2394
25537
15619
31476
-32311
2268
5891
-31358
-31330
22804
6006
-27058
-5486
-8343
20676
26485
-24002
-22340
-9824
14253
-10729
362
14280
-22808
-6283
12540
-29924
7202
-10509
-27026
-14600
-22517
3306
3723
-17018
6860
-20456
15505
18794
4336
-22841
18537
29420
-24805
-10266
-31469
-3500
-23568
-8395
-30270
-24551
12903
15080
32456
12228
28387
26793
19147
-19504
27695
18156
-32510
17873
-30726
19478
13914
-5770
-7209
1064
-22461
2831
-6956
24105
15157
23321
-14823
-11524
7058
-21512
-515
-21068
-6003
-8371
-11084
-9790
-30204
-24134
-7252
32562
14429
138
19590
-6194
-30285
-13968
-20370
-2930
12479
-21088
-16067
-14680
1551
-19300
-31647
-14045
-6206
3926
5571
-17161
28686
-1799
6938
14933
2157
19066
-8419
27161
-24633
23692
-29684
-18616
-15002
-11342
-31255
5185
26315
3407
-10348
7795
26730
-30203
21588
-5733
-6889
11586
2154
-32668
-16082
30699
-29679
13762
-13540
-8746
-102
-31352
30172
-135
-32632
-29418
27764
25727
15097
-2728
-18920
956
8326
9598
20849
-13323
15525
-9813
263
-16223
-26915
16339
1061
3330
-27519
28011
-15789
-20428
10280
-7144
23684
19355
-17866
18341
-777
7049
-11938
1603
-18543
29175
7364
-24316
-10224
-11935
25711
-31254
-15513
-17843
-8906
22515
-12653
19770
-29790
18528
-4926
-1463
-19206
-4971
-12268
-25222
-14189
-31424
31169
-30562
4506
3541
-14186
-21415
-5001
-11940
-9582
12332
-15997
-4184
31788
-9773
-10870
-2625
8118
4177
3743
-23599
-2406
-21983
19907
-712
-3537
-13367
12357
9338
15502
-13347
-27462
27727
15672
25026
-6258
-1463
-18970
3773
-14494
-1528
-7847
5304
-971
-5853
15696
13434
24773
-24435
-24710
4096
8064
-14953
689
-24087
-27248
-19427
28160
-21362
26349
-13366
-14980
32370
23828
4599
-13614
-11491
13323
-6589
22622
416
3980
17961
-24564
25323
-14673
-12977
-192
-25547
-31102
15203
11346
22770
-10624
-22876
1726
28593
-15454
25058
1541
-6639
13129
-9508
28649
13292
28057
-14552
-29128
-8117
22362
2518
31097
-3092
-18677
23902
9098
4999
-17611
-22066
24386
-16784
-12184
17072
-17021
20028
-23924
-191
-22826
-20998
10881
13634
24733
30412
-24697
2237
-1268
-13471
-9122
26773
4312
-26408
-4118
-24126
19155
7121
-859
-20125
-22422
-20294
-22878
-17102
3735
-19646
-24507
993
-22630
-20916
-11139
-21982
16099
-28555
17684
-14754
16664
-26896
-22874
-14785
420
-17263
-25513
3074
-9456
30621
10216
7242
-2933
-21684
11073
-12487
16998
-22815
27879
29466
-10074
1204
30707
30091
21614
-10833
23884
-22767
13044
-6334
-27156
-29741
4699
-28622
20369
19385
7360
-32680
-16964
30034
-6932
17084
18892
-10686
-27337
-16495
15412
-2874
-20427
17934
3546
-5905
-6503
-21850
26394
3900
12115
26052
20214
-24324
11789
-25466
-25199
8635
-14358
10914
7721
8753
-17361
-2414
29187
-31917
-29993
-27118
19486
-8052
24827
13413
1732
-11273
-32068
-3367
-28588
29233
25275
-3556
-30947
-14610
-29648
4484
-18711
6718
1284
-31748
27897
-31646
-1179
-27912
-20796
10204
12740
32224
8701
29595
3572
-13929
14368
3892
-988
19662
24963
11106
-8485
-7427
2837
-7853
26531
-23870
-1958
20367
9349
-858
1746
-11565
-27763
-976
-1250
21340
19493
15883
-2986
2924
-3922
5640
30538
-30156
-761
25595
998
-26768
12936
9145
-32322
18395
32576
-2432
-28739
16207
19738
-120
-22500
1345
-19154
14237
-28509
-30244
9786
26774
-8357
13320
13247
18693
-26569
-28422
31993
20953
6875
5499
-20157
24381
17457
31728
-30279
12277
-20007
4781
-13764
-18234
1836
-31309
-15655
17188
21779
32233
-11145
-8001
-3569
-20640
3421
27180
-2877
5742
1378
22818
12515
3691
2646
14232
-10345
26982
-21770
24448
-27351
-3417
295
29189
30153
26512
-19995
-12500
23886
-5158
-5942
-14977
5489
12611
-12809
-16717
24754
-11028
-7761
6881
-21101
-18714
22215
-17131
-3549
-13003
30110
2363
-26369
8794
-8325
3370
22142
-27177
-10928
25614
12798
6390
9373
13536
-18497
-4679
28265
-222
24098
-16477
-4836
4323
-24526
19896
-20025
19904
-18965
-23145
-16907
-94
12654
24420
-19040
18295
28719
32649
17800
-2412
6920
-31758
-17239
-20747
-7503
-21161
9743
-30205
-20964
-12583
-22785
-27113
-26513
27543
12432
21342
243
21581
-25559
347
18974
5849
20285
10921
31914
-12716
8956
-19720
5140
-9965
-28128
21044
-15364
16151
11230
-18555
19057
-31722
-6615
25647
-32575
-15288
417
7412
-12868
-4679
-2411
7779
-27935
-20894
18532
-29157
18597
24947
7205
-21331
-31523
21379
-5491
11660
-10751
-20444
6802
13683
10518
-9819
-1475
-23323
26824
11235
-26175
1059
10889
25296
23866
-26946
-7747
-1847
1295
-18174
-5678
-12943
-11497
12758
4626
-5257
3740
-21608
27493
-24109
1826
-18901
-26145
14158
-8056
30682
-27628
13219
17990
22473
-14583
30127
-27553
-5800
10588
-28717
32387
-3723
-23477
30976
11333
8894
-4507
13591
5653
24494
20801
6123
8
14977
23450
1283
8436
-7156
31899
-15060
28483
19827
28760
14285
-13307
-5528
-26069
-3931
12877
24900
-20090
-450
-25323
12386
-16449
-5622
21956
-27684
-4492
-109
31895
22895
3207
-11867
-13354
20647
-7153
-24707
-8122
-5874
-4603
26241
11422
9123
16963
-8835
-17467
30304
18293
28244
22294
7892
-20142
-14452
-6894
23663
19584
-27024
-1839
-19648
26289
-6247
-2094
14965
-32234
14757
-14346
-13052
-13019
15568
-2161
-5977
24397
6632
9128
18291
-26161
14831
21845
31365
-11755
-6766
-26361
-21102
20862
-28966
19213
1822
-11316
-31235
-2368
-2270
-22842
-13569
18477
2708
22716
-5947
6254
913
19898
12974
-19394
-10786
21364
11237
-30495
-4364
9139
13034
18763
12732
29011
7955
12864
-22412
-30485
438
31497
5361
-16378
27781
32273
7643
11840
-17284
31558
27018
-10732
26861
4180
23705
19719
-6897
32023
4599
27217
31528
-31137
-28266
-5345
-25422
30966
-14519
-27269
19494
-5353
-31213
-426
18078
677
-7657
24423
15010
-3889
13554
22760
-13908
-11316
14147
1146
23977
13173
-4835
4558
-30198
6735
-19642
8507
-10353
-18848
-180
28144
12939
11960
28687
-16864
-30574
-30122
-30473
19568
-24094
3941
-763
-14569
-29682
13370
-6731
15064
-6793
23737
-24181
11518
1909
4972
-22585
23241
30972
5434
-7659
30377
13831
-15576
-24094
2751
-8988
10231
31246
-4674
3772
20530
20274
7635
19389
-7641
18876
-96
10949
5681
-12247
30061
-22197
17740
26803
12021
-26511
2767
11319
30815
29337
-30992
1775
2746
-26829
5284
2343
-30171
-5293
-1078
5270
-23529
-24649
11905
23804
13298
31379
-18537
-2388
-23198
-5403
29846
-11364
9738
839
-171
-31862
25341
-7429
-1637
11070
3064
14182
30368
-2778
11513
20605
-4331
-20534
-7743
18844
8700
16412
-3993
10679
-15944
-31309
-9267
-23379
-497
-24783
18146
-9636
4448
-5000
-25504
23457
-4675
24308
4600
21124
-22147
10930
-12676
22956
10966
-29385
-20707
29155
-14995
-16883
14428
-6106
-1981
-7455
-15804
27574
-11432
29247
-19873
-25448
10138
-5513
-28199
-25526
-30413
24283
-15104
941
-13433
-19709
2619
19545
29408
25983
25621
12893
14315
9291
23947
-13933
3874
-17519
-16198
10147
-20695
20235
21687
15283
26751
2420
-21389
-13074
-14726
-4291
-5371
-28431
27129
-12965
17715
15668
-2638
-22218
-29684
12244
-1806
3363
1004
-7032
-16308
-18031
22889
-20809
1054
-6711
-4978
-3732
29002
1644
-449
-26660
6711
-10289
-29017
-835
12030
-16189
-9887
11292
25965
-21664
-8524
17171
32189
-15020
25753
19288
-15021
-26774
-14483
-11794
-24375
1617
-19937
15873
-6098
8346
-22424
-15727
-13002
-24907
23674
-17582
-30275
13119
-16725
-28064
11120
-30367
-27340
14324
21518
-21195
-12772
-15403
-10483
20419
24289
-11077
-13032
17667
15962
7330
8936
8899
-1649
-23659
18211
4316
25130
-4919
-17507
-1476
30570
4406
-15488
7580
-13924
-20368
17232
16468
-20827
25548
-12121
-29652
22479
-8108
23237
6170
26349
9609
11913
-7335
21809
26863
-22128
-11288
28167
-31468
-25425
28048
26038
-2480
23305
13008
-28841
-25443
-27932
-27491
23335
-13380
-22578
-17634
17694
-3508
-5
20694
15122
-28982
7028
-14905
1164
-11242
-12178
646
2090
22484
-8608
-18039
3439
28835
32224
-28812
-11367
19932
-16348
18071
-1600
22182
1233
-24866
-7773
-16777
-6056
16452
27991
-26002
-4146
15381
4359
28214
29479
-8879
-16405
13882
20349
18379
-19786
-27393
-4148
2492
25074
-21061
10037
32326
23257
31882
22829
-32621
11722
18800
-2016
-22290
4328
957
21197
-28946
15050
22124
-30490
9310
27680
30477
10883
9423
13421
-7216
-24089
-4761
21675
16999
31409
-566
-20971
5510
-21895
11645
-7350
-2981
-13973
31912
29669
19213
-19366
9973
-30972
9313
15188
26963
30085
-11838
-26006
8222
-31812
-1177
32082
-22034
-16859
17694
-19721
-9132
6047
-18182
17882
-12078
21505
23977
26243
-12260
-18516
16916
-857
-10963
8399
-23435
-20457
3617
7229
25910
-5656
27093
-15899
2930
4886
-13764
-17476
15204
-20173
-30297
2166
-4520
-2199
6766
-28364
-25568
18717
-32024
-12420
-6407
-4287
11547
13275
21590
18271
9876
30575
3608
-32676
-16108
10874
20454
19105
25812
-25475
-10284
-31443
10427
-12378
5860
22447
-32260
14983
-15827
-31429
-18349
-24376
-28783
2767
-6295
-29920
-6615
586
8260
-15039
28909
13222
3624
27525
22283
-12601
18423
-5215
14980
-6565
-11251
4938
27394
7028
20978
24205
5389
-16609
14693
-21890
-5776
-12137
-13901
28869
-5753
-15574
7533
-31808
1376
7797
-25224
19229
9548
-9200
8285
-27049
-2488
16918
17957
27855
-19939
11981
10967
26622
-25189
-12524
-11446
21387
729
-21312
32039
16839
-13178
24651
18225
-20215
-12498
19448
30029
24826
-21694
2051
19308
-6205
16607
-7782
-10259
17867
-20430
-10648
-27594
5479
21768
-10627
-2706
-15481
-15386
21346
21640
-11909
959
-30721
-22259
2205
24689
7505
26113
25973
-4719
-13382
16995
-25095
-28671
24772
-14469
4357
18018
-14263
6346
10348
-31415
18086
20759
-7588
-29124
-9004
10475
-17392
-15387
-20442
-9572
-6531
23258
-10201
1921
29706
1262
987
23828
18044
-6663
-4829
-11764
5213
4368
28327
14010
-26184
-16726
-13409
-31456
5413
20894
6380
-24656
31751
2038
-26148
-15965
-25532
15162
-25259
-14673
14907
11848
-5084
-13507
17958
-7088
13068
-31489
21389
-13218
28826
31929
12699
5731
-27083
-24020
12495
-1219
26765
15707
29781
-27920
-6877
-7780
-9204
-14812
-16603
-4202
30130
-4465
-31856
-9086
26013
-3844
11673
-18318
-15887
-27697
920
17134
-14364
-4978
20567
-11100
-16481
31860
31325
-6625
-14313
6595
-6634
12200
-769
5828
18824
19692
12107
-2584
13093
-21234
18559
-21152
19588
17544
19159
12327
-13897
-17586
-3382
-29430
-14648
2421
20188
16003
-4091
13021
8107
-32094
10105
29492
-32007
-22607
28016
16596
-24676
23287
28097
-24649
-30220
32282
2237
-19656
3947
11483
31349
9723
5026
-20826
-1238
-31216
-3275
31827
7650
29265
-6168
28968
22800
5590
32746
-31900
-18622
-1293
20569
17028
-31121
-3241
-14053
-8829
-1366
-29209
-6101
-7487
-2360
21992
-20252
4942
13860
-30159
1257
-23886
-30196
-23311
-843
-5033
-12383
-912
-5357
8272
-29630
-12786
-3683
-11216
2629
-4040
-286
1451
28240
-18832
-19711
-32001
-16572
21438
25552
27849
-5262
1216
32591
20756
30798
30833
11368
10564
-31617
18441
-18853
-23817
-18150
-24872
-27222
-26725
-22407
17302
23322
5414
-13418
-3559
18471
25245
11724
-3967
20365
-3262
18660
29217
29588
952
-30570
-23694
14443
10507
-18580
-32656
-9281
-17139
30064
-11990
-5618
31708
28144
-4346
26262
-3820
-10559
24831
3540
-1024
-17152
-27426
-7850
-16914
8571
-7865
-22346
29747
-16576
-14112
2377
21877
-1929
27324
-23897
-14498
12406
-10631
1334
21391
-25795
29226
5484
-28011
12182
-3477
27320
-430
-17101
-18743
2401
-221
-32412
-17858
-7277
17429
-6277
-17538
24896
-19690
-28734
-17704
10084
24351
-5076
-31007
10940
-6772
-684
12192
-15763
-6952
14861
14413
32504
29861
22864
-29236
-24912
32232
16122
-30179
-3268
28443
21204
-22892
-5936
-13523
6377
31284
26934
27693
23350
-32176
24464
-19525
2675
13734
-28352
-4376
-27417
22612
25918
-27418
-17108
5843
1198
25144
573
17745
-13842
26841
15254
-21107
7354
-14684
-30309
7487
25892
3606
-14511
-6153
-2703
4853
29401
9863
-9741
-10146
-1969
8236
10377
-22979
-7949
21919
-7918
25181
12682
21711
13411
-15488
12098
9723
-16708
4346
-4867
-1988
4689
5334
10637
10101
-19389
-2004
23196
27600
32341
31328
2803
25230
23933
24181
26813
-15118
11374
9952
-22563
-7817
5016
-24049
-15937
14567
-25965
-29948
-17603
2186
5224
14271
4680
-2492
-16450
-10988
-1674
-9548
-28043
27944
17731
-15826
17429
-30617
5403
16731
-23343
16000
-30359
-11428
18454
-15349
-29091
31949
-31759
18815
-17834
4607
17138
6644
-9258
3498
526
-10534
19315
-24350
16711
-13781
-5542
-3264
-17257
9262
11473
12465
25595
32029
-32225
32139
-22587
-30148
-23391
3923
31401
-23959
3213
-3830
-498
-7883
17632
-11750
-18929
15517
-26298
-22590
-22021
22477
-12199
-14702
2636
-27817
7831
30647
-28074
-5787
-3998
-24442
-3698
-5
24427
15879
23788
-28381
1999
6488
-11154
-31489
-30479
2930
-402
25098
15874
29747
-23186
5974
-30790
23907
-27489
-8118
-13634
30359
24749
-12410
23021
18020
-14505
2102
15105
21636
4376
-27383
2452
21748
-15207
-29680
5369
-13111
-24418
24963
13901
12203
20933
21451
-864
12202
18
-26223
6171
-18911
-31415
-23559
-4845
-3041
-4283
26152
10814
-9795
-32085
32271
30385
15480
-28175
-4746
10396
23591
16010
-18721
-19990
6010
-24429
15528
2018
23362
-8368
24967
-20505
16829
-21437
9455
-29306
-25196
7292
-1660
-24890
-11623
31929
-3653
24849
4271
-6529
-12213
-15206
11414
-10184
30497
32431
731
-9225
-26623
24215
-8664
29011
23550
-16519
-23142
-10858
-18617
-8907
-14555
9755
18752
19664
-12361
-27770
11492
-13418
-4553
9859
-22038
12889
-32713
28603
962
12802
-20967
21891
27362
-28871
1228
25774
-30893
24004
-10940
13584
-30742
270
-1535
-21813
31021
21914
-5978
-10709
-26717
-29130
1706
-11934
25883
9116
27056
-29163
-32438
4849
30544
25818
849
2480
13187
12895
5171
-7595
-12852
-29643
9499
17113
10415
14776
-18171
16313
-28331
7406
29662
1272
-8727
24867
27636
1129
23696
-28603
6882
-13628
-14456
-24169
7196
-8870
6649
31341
19810
-12629
14429
-16783
5748
27632
-19897
-21964
8092
-4916
-27404
25874
-25736
-11051
31019
-22703
19960
-24507
31829
-9767
27367
5788
-15
25219
25089
-9846
-29867
-6461
-6146
1351
-13284
-21731
-26924
26205
-4406
-14097
15198
14555
6390
10364
210
-29279
-20726
30982
-28636
-29096
-22853
-26000
24269
-6030
-12275
-13468
14991
-25458
-27958
-9243
-19384
-7332
18022
-4445
19223
31901
7967
-22200
-15226
-6182
11201
21446
4176
-6093
21671
-7299
2787
13999
15230
-184
-5806
-17543
-27039
-25873
-16965
6957
-15674
18325
-509
19170
-19140
-4594
13525
-7370
20960
-1368
29747
22781
2813
30136
-21170
-21230
28592
-7721
-24394
-25128
-5666
18653
-21902
19312
6426
10019
-10745
23035
-9109
22209
-13250
-10449
32507
-19510
27425
20789
-26326
19670
-8885
13411
-730
23099
-4196
12885
-4152
24000
10
7611
-12153
12385
-8467
22176
9846
-8582
-19838
-19459
4481
16985
5950
22510
20379
-31497
-163
29196
24709
-26530
-2654
-25512
21557
11725
-5029
-4922
11498
-16325
19004
1149
1557
147
-22749
-19403
12205
-26202
9437
-32458
17838
-29364
32199
25865
8780
2481
-17012
27383
4299
-2893
11511
25515
11559
30781
8806
-3685
-5591
-5942
-21241
7677
12102
-16299
-21797
8181
-349
-23440
-17277
27172
6798
-13124
6082
28818
15796
-3535
-16617
31003
6806
-18730
32597
-13785
-18144
-12718
-15562
21615
-6849
28765
-2102
4595
2681
-17149
11653
27430
15216
15004
13850
10947
2880
17370
-22716
9159
6294
214
-1195
-4640
3055
17210
29149
-7117
-18144
11287
-9713
-19184
18653
19423
-15103
-5136
-20858
-4585
-14434
-21896
15307
21396
30317
17905
28605
5854
24826
-12849
-32622
-847
30576
14640
-6401
24920
-14407
26149
-10537
-31902
16747
7064
26081
-27240
15370
4242
-23280
-19612
4175
11767
-15409
13824
-24249
28059
-23916
-31684
-14464
12138
-29093
32601
23289
15650
19052
1735
-14899
15414
2870
13896
-16236
16972
-20866
-4096
-18390
-25860
-20172
8097
-15534
-32473
15109
13762
-4929
-1638
-25398
4549
-1596
-11654
21503
-6604
25506
-16450
-21361
30119
25458
-18993
29105
6937
11536
-28459
-30039
-20362
-9287
-663
-23821
6708
17814
29209
27679
2323
28049
-25790
-15953
29294
-17450
18233
-10849
9631
-15536
10583
10797
19332
2667
31230
-18992
-2285
21790
-936
-31005
-23816
27833
-4803
32029
-6482
-4821
14836
7830
12847
3932
7049
-22111
21851
26163
4191
-13351
-12448
-5990
17903
-1499
-12528
-23193
25837
-14402
9350
23305
-14794
24178
-14085
-22233
-21181
-8801
-26020
-15449
28069
-26683
21659
11025
9891
-30068
11965
-10393
23451
-587
-4063
31341
11694
-20865
14118
-22850
-12243
-6340
9087
28882
3387
-3928
14479
-10624
-10990
8166
-26488
-17685
-6804
-28172
13221
32173
-4783
-25353
-6892
32199
-25900
-10667
-1575
23080
-16266
-11885
25322
3605
5249
119
17336
10044
16876
-13794
17369
21624
15464
-31996
11610
-30618
-11667
21926
-1434
23630
-12688
9460
-19151
11453
-14213
13417
-1235
-29634
14051
31082
30908
10003
-19913
-3314
25716
27369
-16216
-26348
2048
-421
7261
-26397
-1488
-19519
-8478
-3870
25073
24492
-7883
-21744
-3188
-27005
20919
-3984
5474
-19720
24808
3736
30457
-1132
29418
-36
-6780
-2701
5009
-27381
-20294
-19092
30356
-25488
-7298
-6794
12199
-14967
-2792
7925
-30457
-21262
30889
19313
-15459
17096
-25628
-23745
-16151
3789
12334
5493
-168
11843
21732
-19456
-8156
16567
-22294
26756
-6931
-10477
5167
-3972
-15417
-637
31137
-21225
208
-13651
10689
14434
14527
-17946
5312
-6
2462
31625
6314
12684
-24157
-8408
-6780
2191
1203
-16439
-22307
17792
2493
-27300
14253
19624
4683
2378
-1984
18243
-10797
-3345
-30520
-11679
27741
-11680
-23042
-13909
10864
24032
-6024
-14886
3397
13582
12011
14205
32302
10312
-8439
23910
15323
3918
-8960
7292
13115
-11357
-21422
-14113
3086
3098
-28292
1083
24593
138
3921
3662
-29966
18564
30186
27424
12574
-6304
-30961
25520
-30347
26860
-15762
12592
-22258
31510
-1880
-22487
1933
-5995
27125
11707
-17736
-32032
-31729
5656
-8261
32620
15852
-24443
30973
20669
31983
20162
-30860
13702
-9998
-14553
-24037
509
-20824
-9689
9052
-24200
19194
-20511
-28176
26616
22954
-21525
24317
12405
3407
1960
4427
47
-24673
-21964
-13016
16277
14676
-22388
-5415
14893
20666
-26720
-10603
28886
9074
16143
26857
-24944
20301
-6820
8652
27124
2697
18905
-32658
-30898
-29119
26693
31559
-26112
-27217
-8916
9590
18365
18895
-3495
-6549
-28004
3336
1865
27826
3385
-11485
-27531
-18940
-17653
-5859
4742
32265
-28703
-27325
30640
-19893
17830
-28875
-7443
-23249
-29473
22147
2631
20151
29570
22617
16536
-25378
12962
14285
-10282
15400
11623
15258
21443
-24985
-25376
32462
23980
-7224
24249
-23445
-16991
-15512
31494
-9126
-24482
9027
80
23285
-30523
-17012
-6184
25950
-27075
-28465
12135
-30041
4261
-6700
28228
-28256
-5167
-778
-531
-8287
3420
-24072
-31216
21041
-3762
25659
-29957
-15432
-15141
-18807
-20905
23846
-31119
-13498
-1236
-27770
16966
-3929
26011
17083
-25454
10475
-16378
-32345
29344
-22393
-24055
-4599
16888
15633
-31958
-7922
14292
-18405
-17780
-12654
-2766
13746
32264
-3110
31991
5248
-1868
-31864
-30151
5884
-31102
-17471
9934
27008
-25806
10442
-30883
19330
9209
-3166
14823
-15962
25415
-21958
-22103
-757
26099
32576
-18979
-594
10958
18545
-14218
3398
11711
-11746
-24746
-13899
-16238
26722
17415
18096
-32443
-11248
-16328
24552
-26249
-5745
-13729
-20467
-9603
-23997
-925
3433
-30622
-9463
20229
19798
19168
15804
2996
7414
-30347
-31304
-14575
-14828
-9915
30712
-1657
-20997
21535
-11211
6720
21025
-30709
17644
9404
-27604
21099
30524
8471
10383
-11937
-15740
-7033
-27544
-17514
-8213
21649
29931
-5727
-24535
10862
23541
-1929
-22618
-8559
19640
-21383
-15790
10855
24004
-15929
19949
961
-27747
-3647
10596
9179
15543
2469
27399
16518
27533
-3621
27523
-18795
-20216
17914
-8359
-18775
-104
27989
29587
13165
31965
5423
16262
27521
30389
3049
6381
-6840
-3853
24987
30008
-32143
-8220
-11372
-23304
-19880
-2463
-26571
-13864
-14868
30049
23497
-27214
-11710
-8782
-2446
-31625
-7695
-25372
-1100
-23809
21843
7697
11074
-12610
6955
-22161
6926
-14592
13573
-30761
2760
-5827
-24310
-17037
16942
22175
4475
-15538
-13024
-12316
30893
7328
17938
18967
-26189
-17868
-10580
-21589
-11317
-981
24632
5420
-32761
18492
26040
8173
28935
25532
17195
14208
-6870
-19649
13385
20965
-9226
24481
12380
22968
-22573
15778
19860
-1718
29347
14455
31634
-30194
-10679
21337
-4602
-14626
-10340
18665
13412
-13332
18114
-20055
26620
10871
-17729
13897
-5885
-10670
-13127
26643
-10392
-12295
29565
18398
26176
17256
-6266
-13560
28357
607
-1498
13250
27007
19389
11874
1923
-13391
5729
528
13885
4311
12607
10218
9743
25094
22855
-30154
-8163
-10326
29236
30473
-14653
-27427
17656
25139
21415
-21442
-1399
15303
26151
26699
29659
27241
8476
32763
-3516
-22356
2383
-10330
-9434
-14624
32331
22306
25785
-1725
-12242
5920
-7662
-5862
2979
-25479
20566
-17271
-9856
-17335
2549
12843
-30861
21823
-8386
32690
20083
-6822
5815
2884
18488
26586
4988
-3332
-11808
18123
6233
-22539
-26030
-9477
18714
-4926
-13541
12684
-26871
-26828
-14562
-14348
19102
30104
-21475
26588
9596
11140
-21673
-7008
-26740
20152
1855
-1157
16766
-20501
32359
19428
-2077
-12823
13672
-13967
20958
21493
-369
12758
-20216
12555
-16954
26930
-15281
21637
29531
-14871
-3498
1975
-31568
31582
523
7148
27779
-16850
-9912
-16136
-23691
-13472
12961
-6320
-26957
-32072
21605
-17947
-14684
872
32645
-2079
-25011
19989
6347
25157
-3617
-12527
-6520
-4729
-27390
-5687
31467
-4118
9478
15908
-26563
23861
27912
24626
-20180
-30349
7917
-21140
-5858
