-7096
-8713
27890
24801
-15543
-25995
31102
31407
27047
-15014
-27466
-14568
9808
7295
-9739
-14705
4919
19215
26351
-31342
9227
31652
-18779
2725
29260
19043
23100
-17991
-26175
-32220
-24167
9580
6722
28133
891
-26629
1046
16527
-20249
18421
23456
14499
16494
-517
-9964
6876
31776
15133
29159
14300
23837
10960
17968
-10076
1418
-4982
32765
-2724
4025
-27597
11127
10900
168
-22112
-10341
28448
30110
-10539
-5319
26835
-32419
-10044
25818
9247
25652
-32008
-23634
-1813
15906
-18675
-3863
-31659
-31652
29203
24295
22210
-27173
17506
-5557
-7326
-12929
-15600
30639
-11021
-20470
13018
-29271
16551
27695
15714
18158
30752
-12698
-13906
-15846
18800
1356
11525
14412
-292
3593
431
11079
-28568
-8925
-12423
8952
-21034
5871
13760
13861
-31494
4935
2231
-17135
-23673
29144
-19818
-12478
4591
7808
-26947
-497
-25249
-29894
10121
22503
7574
24456
26530
-21990
32745
20323
-17594
-12754
26635
-6664
21126
6396
-9522
-7276
6278
-23206
15609
-2838
-16339
-13191
25125
7339
9392
-25592
-9509
28661
-13577
-18867
22986
10849
8708
-25909
-32747
5106
-24792
-28118
-1190
-8345
8360
-32465
19676
29883
16444
-25330
-10597
7858
-20597
15741
-26869
-19199
-15552
2588
6754
-9826
17066
-9397
9446
-17572
3670
-7069
-14923
16727
-29324
26375
32372
19758
6611
-15407
-25923
-21241
16482
-11478
31691
-17890
-22131
6527
-23186
27551
-20008
-13014
-11073
-12879
4142
-24853
-4290
30679
-24071
-3601
-9583
17118
12031
8703
-28593
-3219
10773
4871
-16756
-10955
10616
27321
-15286
18553
-23047
31397
13129
8038
1274
8352
29879
-26469
-7613
-28708
2721
-11625
-25295
18209
25819
17790
-14545
3689
-4025
15907
21567
-9047
25106
13838
21547
3448
-26754
17950
25335
-926
1375
3244
-4670
2452
-32351
3059
-812
-20294
10737
-32683
-19118
-28985
17711
-27211
3143
27046
15303
25412
9734
26048
-930
19327
29980
3288
28497
-18432
-9178
-16361
-28304
19390
13242
14608
32262
5108
17171
10829
-9307
-13699
25230
-32103
25796
13746
-21151
-22623
19399
23749
-15860
31284
9537
-30997
-6811
-17580
17516
2092
25935
-26555
-30445
-14766
23312
-19766
21584
-6806
25754
-32342
-10822
26974
12877
-5332
18542
-7776
-28692
-7198
24395
8019
-13607
-10755
3980
-2453
28189
-1074
15286
14485
14816
27294
20031
8825
-27287
-26327
9984
29234
-31985
-5467
-22664
-24872
14342
-2396
-4850
-24881
2934
17585
-19604
-13103
-6529
-16170
21888
-25782
-31775
-8838
-27409
-25254
5818
-20003
28009
-21487
30004
-10935
29116
-29565
21949
-4107
-18468
-14337
16280
-29194
-28162
53
-19864
5059
-757
20640
-14580
4257
-2575
-19157
24500
17543
-26662
-22174
11223
17625
16092
6218
-17118
12635
-7391
-31047
6282
-32447
-9251
16067
-4235
-1103
18774
8172
-9263
-27751
-15815
-26546
28688
-17098
26734
27183
29176
17960
11297
-1163
-30429
9723
9537
7013
-32522
4127
-29600
10791
16024
8654
28461
-14690
-6207
27716
-18405
6051
-26782
-7641
16187
30598
-28608
14764
-29878
10476
32180
-12099
-14746
-15281
-25890
-4185
26846
-6241
-28349
-31082
-11976
-26929
-352
15318
7767
12090
-14235
-27130
4086
-21369
19180
-5077
28199
-22765
17593
13941
25715
10891
-15381
4523
22391
1818
-10297
-17013
-11446
3823
-15278
24696
27083
17551
31534
24533
-2443
-14806
-19716
6947
13197
-24308
29228
-1800
29624
-28658
-6128
27408
-10171
23105
9320
19996
17431
-14966
-1301
15703
-20498
8523
16141
-15163
-9618
19615
4971
7834
9798
4241
-6744
-8909
-12728
6408
-480
-10601
-5857
-21153
-19220
21189
14752
29911
-1611
20447
14296
26218
12709
16965
-3874
9287
-24279
25969
-28654
-4103
-29597
6006
-11068
-13664
14617
-29822
4885
-16684
24575
31381
21223
-29000
-17145
25557
-26341
-13539
-13027
19296
-27701
25662
-22337
8056
2149
25817
-13332
-31340
-20942
18103
-28625
-10358
2678
-20198
9242
9320
-19713
25681
-27588
-8920
2069
-20755
-20721
-29402
-14312
-15087
21584
16470
2524
-5001
-12175
-9383
-26399
29017
14847
-12740
28897
-26025
6781
6663
-17596
-29268
9869
30865
26517
8318
-847
-12063
1273
-21981
24141
-8265
-6696
-17121
27622
-5962
26134
-16482
31002
-25553
-15476
5945
10597
-75
-2274
19008
-10166
-31396
-19099
-19640
-9264
12947
-6277
25283
-10499
-9330
-26712
-25006
17868
-9493
-18955
-18750
-3595
3638
26132
1361
-4260
-10065
-16991
-21645
-31645
-12877
-32110
16691
-7583
-12769
5868
12986
5257
27389
9054
-20609
-3464
-17579
-6583
-14518
-19384
-7980
592
24257
976
11693
-8416
30919
32063
-7576
-8618
3412
11762
12134
-24116
24637
-287
8475
-28406
-6876
-14710
23340
3762
-12889
28167
-23983
16749
6937
-1878
32289
-16793
16831
-15675
5055
-29542
22631
-10306
1841
-12774
6862
-12558
14382
-18419
13643
-5098
-19284
28762
-23201
996
8209
8222
4680
-29055
-22452
-29734
-30012
29224
11278
-21948
-8972
25685
-4754
-29813
-4385
28338
-14973
19002
22054
-17157
20761
-18437
-4493
-16539
-15783
11671
-928
-3917
25820
21783
923
-20267
-20503
-22525
-6312
-28448
21840
11038
-10324
-24829
-694
-11925
26767
-31989
-2033
28083
19724
-19685
24933
3019
-10319
-15969
-9544
-29421
-11262
-28838
6801
-26628
5087
-6117
11630
-25041
-17475
-31175
14490
27237
30228
28459
-26507
-2573
-21699
-31676
-28247
20957
23986
20613
19640
-31745
18585
-6016
-24094
-30774
-27571
-5587
21652
-24128
-6921
-7321
3575
-26832
1135
6914
15987
6081
27262
-21070
30931
26422
-8867
-20236
15596
-19976
-3578
-27841
-6145
-27306
-9776
28190
13289
20349
-25679
24014
-31685
31444
6001
27055
-1921
3650
8058
-11990
14532
21535
20151
26801
5422
-27316
17548
7446
17441
4646
-16559
20404
19786
9714
-16458
16053
26683
-9080
17799
27109
1266
-18562
30908
-5567
9432
522
6149
8643
-6644
18315
5334
20906
17465
31383
6755
26392
-5899
-11729
-28036
811
-31745
7230
-3266
5134
-20645
10723
5340
-19485
29642
13777
-28392
-10933
20595
-29907
-23730
-9066
-12715
5887
788
10325
-9506
1387
28726
16989
20656
-29836
1365
25408
-2050
-7016
441
-16862
-18224
-21741
-31641
14291
2009
25174
1238
26366
9855
-27041
-11639
12015
23801
-30962
-13393
14973
-31793
14544
-21847
-21056
10184
-26944
15362
-15720
31051
-15529
-7101
-31948
-20647
425
17303
-18383
13071
4778
-18832
-26137
6648
-15320
9249
-5471
10876
-12518
4095
7741
29961
-29588
-1030
-5357
13378
-1257
-18014
-13958
10389
32058
-15013
11460
-14593
-10724
30708
32519
14545
-26923
-17332
-28294
-28430
27599
31092
3907
8548
-15651
32702
-8953
-30840
-9013
13482
27867
-18247
29414
-32641
-12001
26106
-29760
-15589
5020
31200
-2640
-13164
20892
-27342
14281
-8647
4196
-5228
-7565
27862
-28446
13076
-8712
-5806
-6435
25293
-8247
-6807
16852
6580
10443
-10320
24854
-23872
-26626
321
31550
-21942
-25292
27903
-23896
23417
29611
22666
17739
24223
32693
-14141
9511
-16132
-20064
-1710
-17322
21693
10066
3971
-19437
16682
24723
-13823
9876
-4507
30263
334
23167
23782
-4422
-9550
-20978
-12203
1106
22570
27364
-26714
-21530
-25713
-17422
23879
23482
3931
18526
-14530
-28954
8105
26713
26507
1481
32665
-22660
-17140
13084
1643
21492
-27730
-23455
4054
27252
-15103
28229
-12354
-9396
11472
20507
23462
6287
32593
-7053
7801
-4514
-3056
11403
-17202
-4973
-615
32278
-10200
-20545
24355
-16003
-10285
-18635
-23349
-9453
-19353
29390
32257
-26211
-28052
-5032
-26557
-25933
-11147
-11559
4432
17773
-19308
23712
-23215
-29780
30452
27922
27074
10834
-27042
-32174
-11223
28021
11578
7893
-17319
-6613
14250
27338
3992
19458
6661
14193
6624
-32755
-25586
-18489
31579
15652
4963
-30353
-6248
23082
30678
15637
14407
-2169
-9250
4128
-20653
25555
-28522
25263
12415
-14012
-12056
14869
19195
-5319
10604
-3326
19503
9789
27647
-23226
-28942
-14436
-10598
13731
-26635
16544
23713
-704
-28120
-28586
-24312
-31445
-2107
15844
25254
30728
-11486
28209
-23330
-7860
-2836
-23357
24648
971
-12632
-9958
15297
-31374
16884
21274
-19193
-9670
7104
23187
-29587
22616
-20373
3385
20374
-8303
15291
18485
-10204
24765
-26198
29431
2545
16337
20514
-30926
7594
14315
30244
-6779
27422
10448
-15478
1984
-16364
14923
26406
-11961
-252
2100
-25197
-8946
14013
-23122
-9217
-28093
-2188
30390
30895
4759
-7863
-7506
21438
30502
-19562
30217
29845
16942
21738
15883
23252
20861
-29098
-24696
17402
31014
2946
22232
-28087
22873
27637
6012
10315
30748
-2539
13177
30821
-6099
14459
6939
3535
-21425
-3769
10823
-30136
12444
22801
-6090
15307
-11189
-30531
-20598
-14858
-12388
-28030
4962
5513
-32109
12378
-24625
7855
-7467
-26472
19350
-4023
12018
-27255
15537
-22023
4064
30353
-31083
3792
-20815
31054
29794
11501
-17711
-29521
-17362
-5374
-31588
-11524
18037
-24117
16821
11039
-15577
-16960
31517
21636
-10662
-19650
25563
-24880
3552
-14217
-21870
-16966
-9998
-9620
-31595
-22010
1702
-13605
16141
29082
-25677
-32260
16373
8451
-4284
24599
-28785
27152
-516
-1234
30932
-14255
13556
-24068
24672
28307
16191
-11960
20486
-12579
20116
22883
-32025
-7974
-13106
-17810
13441
6856
17875
-19533
24742
24758
4859
-9244
-19123
11781
-13971
-15513
22179
12319
6025
15863
30493
-23508
29321
14269
-9991
-30658
-29047
-23847
21684
-23716
10483
-3911
21930
-14452
22134
-28590
-31652
6477
9522
-16136
23955
-28450
27624
9284
-9036
-18169
-29670
-31351
2217
28075
-25596
-6849
-20432
15895
-19829
12823
15438
14759
-7501
-11122
-11504
-15324
2152
7684
18997
-29627
29057
8493
31774
-3146
1631
16859
30336
18811
-18737
20124
-435
-20361
30400
-5471
-2914
17998
-29267
4985
-1764
27622
10334
-6109
25789
-9859
-19711
-26053
-17036
-17061
-20011
27615
25719
-9725
-4859
8911
-2421
21443
-2130
8478
-26425
-16496
-30275
-31455
23391
19689
27000
-209
31048
3704
-32385
-28067
7272
-8023
-32305
-12173
11756
10037
23588
-7404
-9044
17795
2043
-26169
23917
-17077
6899
13695
-6243
371
-1947
763
-29666
8062
-13100
5334
3404
9714
-11138
-1801
-26799
25234
-26445
18477
5125
15369
-4711
29960
12548
32658
-14589
2042
21426
21581
-12797
11520
-18743
28390
28806
-6248
-23180
-9040
5823
9967
-12016
1226
27146
14020
4741
14202
29590
9427
-19655
-23730
-28557
-5626
16828
9508
25116
2714
6743
5992
11139
13994
803
-22820
-17029
-16816
19704
-27740
1568
9654
12450
20320
-16743
-1935
20568
-19799
-1360
468
-6570
13810
-18792
-5294
-1347
27059
1124
6419
7323
18233
-29155
15784
-7946
-9872
-31358
28664
-527
-1103
17802
-887
-1674
-22341
20108
5135
-10191
-23988
16255
3525
-7261
-19247
168
-26075
-10446
-25033
-32376
23904
-14420
26850
17538
19868
-10416
-17469
16219
-6426
-19152
28698
3543
12907
2513
13020
18928
17778
-2464
-682
2549
-25225
19342
15077
-8504
19413
24954
-2850
3902
-20127
16418
30287
-15796
-31153
-5965
-25798
-9582
-24409
7895
16404
8895
25000
-29359
31853
-27363
28042
28037
-14570
9106
14132
11706
-16180
27354
27571
-5148
-13466
31857
13681
-18926
-15463
17100
29951
20933
-13166
-10317
17922
-18340
14940
-31595
13955
3595
-31618
8
1109
-6942
-10956
-5424
-11413
-9247
13705
18986
-30122
-15339
25118
30170
-27687
-6613
21466
-21316
10164
-31933
-27761
-14018
7229
14585
25593
7425
-31614
27421
25608
-32297
2029
-4969
-2400
-30857
16807
24784
-16558
23826
19113
16472
-4358
-9723
29593
-10338
20946
19353
-728
27100
8299
6214
27013
-32366
21395
30001
-30719
31755
-9675
6181
-28055
11344
-26203
-17203
-5561
17047
16868
-26628
8438
-4126
-21813
-350
20475
16323
19206
-5042
26521
-5959
23326
774
12177
23005
-30776
-4179
-28273
20827
-23087
24983
10595
-13549
-23270
-19561
17747
30547
30098
-4047
-1234
-6148
-30521
22347
11344
21260
28217
24863
-12461
-1046
25508
29226
-3839
-14239
25801
26147
-1569
-8961
11310
-20928
-19280
-2281
-25088
-14729
-23190
-4992
29924
-2971
-21506
-13956
-28633
3476
-9905
23378
2020
-21328
23640
21575
-22473
-15495
3954
15026
3683
4085
-2244
27673
17119
-26943
2128
19007
-27554
-14270
-29065
-1933
31303
16486
-31824
-17803
-24986
8601
-6268
-11123
317
-24095
-31454
-26596
-28735
-21280
-10470
-23434
-17927
14171
18794
-12464
8050
1611
1893
1896
12272
-22987
13878
-24345
-25171
-25632
14515
-28376
19631
-492
-3768
-14982
-8333
9231
5451
-7902
-24435
-5760
-11330
18439
-16017
-3180
-25835
-30998
6865
24716
31314
-26795
12229
-16926
16355
-5213
-24270
16739
10902
32161
2616
29533
-21117
-10538
27792
5914
32715
20578
-5983
22477
25536
-11880
-23172
-19394
-31554
1377
-2525
31859
-29702
-10968
-21754
-24527
-28342
-9866
-30
-16329
7693
-18648
-17383
-4398
7748
16403
-9037
-15966
20351
-28374
6790
-633
27983
-2560
7082
-20174
-10682
13633
26710
-24232
1367
26970
11715
11677
8949
-1095
21830
-22436
-15963
-18520
14109
-22552
-763
-6310
19818
20911
21643
20345
22268
2463
-26672
-16676
30901
-31737
-13430
29784
30721
-16638
3824
-834
-17256
-7198
345
3137
-17707
5110
-16852
30398
-15355
-28076
-26459
-28937
19880
11540
-16525
-32720
14574
-27284
20995
-25360
-20314
27279
3441
-9700
-6808
-341
-25
27124
-32659
12800
-7598
25600
23326
-4539
-21180
-32355
10937
-30304
9203
-1400
-32395
24068
4399
-3552
-30712
-3797
20074
-8109
-26209
12942
-3535
16241
-27718
-3949
-10127
10070
-30591
-10247
-24283
30614
-9069
-13680
7541
32720
32094
244
8086
22507
-6566
12816
31746
23403
-12885
-9100
16975
18949
4833
24287
-22067
17812
-9790
14305
28498
22575
-14576
-595
5570
-4658
11745
-12423
-5532
9703
13078
26117
-25016
-30823
31785
18347
3394
-16539
-26384
-656
25963
12538
31261
30453
543
13451
832
-28975
-20231
-23805
19506
-19707
-4407
-28208
4335
-6280
2173
-16083
-19870
16550
-20186
4003
4476
21411
-14272
-11536
6982
-424
13929
-17943
27816
24746
20310
9058
23976
-27801
9803
6508
14497
-18809
-7366
16035
32733
4784
-22006
-18917
-22710
23668
-6958
30768
14198
31525
-16198
7673
-6865
-21433
30657
18768
-9577
23361
29030
-399
-18470
17978
6331
-9466
15725
-30323
-10375
12131
-19890
21228
-21636
-3616
2601
-23161
-23432
-12038
22624
27985
-6668
9554
-16903
-24126
-32348
-19637
-32627
21368
24641
9358
-16172
-24605
13609
25218
-25261
4527
-25940
171
18967
-15771
10576
-69
6665
-3892
14187
1608
-29380
-2911
29138
-2434
-3850
28999
-12940
14231
22406
-31363
-28233
5868
-4038
-1390
23586
-6321
3208
-2297
-2734
4613
16992
-32444
29199
-1395
-31302
-9932
24555
-15769
-9884
7761
13399
28328
-23567
7308
13039
24357
15881
-12073
-19972
-23433
-20657
-10359
-1154
12468
20259
19200
30747
24508
-23046
9291
-6698
17926
4113
22619
15049
23225
-10270
26017
-26224
-5690
14053
4152
-26242
2804
1060
-13602
3700
9689
-29194
-11372
31671
12545
-14808
-17345
-21311
13001
21626
13055
31624
-23738
-13288
-17263
30064
-24077
27866
-7522
13187
22523
14736
-20682
-20868
-27945
30549
-12466
-14311
9649
7273
-17976
-9657
-18430
32550
10952
28553
-21412
-6930
-30925
159
30262
-13576
17256
13652
-10862
27435
4359
-23993
29856
-24134
-28961
-29382
-27306
-9034
16174
10136
-18009
13339
-18230
-18498
-13912
32463
-25727
-20272
-9845
-6112
26814
15026
28835
20411
-17457
26367
24419
-15626
1219
13337
21738
-20314
1949
-9174
-906
18544
31494
21419
14600
24173
-30245
6932
-19131
3734
28004
-6245
-24821
25853
5375
-18368
-28879
30298
13208
-17480
-9841
19619
2381
29508
-16763
28157
-8110
-20932
-14026
-5759
-451
-29984
29736
-23825
-2449
773
25230
-16382
-19590
-15137
-1434
-9026
-7229
26161
-23998
28297
3961
10728
30493
31255
20037
-32742
11228
-25759
-26281
598
-6701
-27678
6419
-599
18334
-10806
19864
-8604
-22099
2005
28251
-12449
-29063
-19139
-23092
14820
12133
-29765
-1892
-23238
-1887
-14819
10624
2454
18275
-10772
14080
-21399
-6276
9449
8953
-10148
-30311
-6399
-1978
-19889
19442
31127
-27076
25792
13234
-29352
-30060
-9441
24981
-16414
-28665
7475
8706
28853
29435
23294
15776
-19935
28978
377
-16114
-16288
-2892
17552
29149
-15609
-15160
-10649
-22315
31032
3252
-9138
-24072
-23024
-10591
10624
26361
-23225
-5652
30603
-27563
-26294
-8728
-8425
7571
-15436
-13843
-3668
-29254
-19853
9489
-31756
-17660
-14019
26700
-14276
-21825
-6095
856
-4698
-22688
-28131
10209
-12299
25205
23801
-1395
-77
-7750
-18123
-9812
-25436
10674
-12249
-15027
-29741
-32165
3423
21844
19474
-1665
13509
-27782
-18725
31359
-8945
-20101
-31242
31605
-27640
-4147
-19008
8722
-4325
16472
6242
-19834
23177
-16574
1951
358
31672
13767
8100
-19982
16272
-19051
-20557
-2706
-27925
17741
14112
-23710
7701
-1553
-8497
14473
-6584
-7161
7011
31109
-31989
7710
25985
4511
1464
2565
-21309
-22830
-7490
-16112
21883
29126
-22795
-22585
-30150
3929
-4210
-31986
30820
11819
-18953
-25674
-1159
-24949
-25260
12399
17713
989
-4712
19505
31950
31381
-11854
17349
-3484
28597
-31624
-7454
-31943
-8088
24159
11113
2890
11483
4951
9845
-32758
1233
-11567
-29658
604
30350
11983
19000
23499
23272
12503
-3914
-27402
-17788
-31378
-12865
-2036
14245
-16790
27006
-26747
2181
-30112
-8039
2238
10851
8706
-961
-12353
-15791
-18691
29
25367
31959
-14861
-19572
-31995
-21122
861
-15331
17167
-14549
22246
-8747
32013
32630
-5493
-29129
-1114
-9491
-17332
26630
28211
-28997
11591
-17826
-15775
17552
15696
-5927
16270
-6616
22065
1621
-20391
22284
12277
14060
5358
28142
-24727
24787
-13145
-24348
7593
-11930
7314
-9173
18015
-7811
10237
-15504
-20611
26353
-8288
-2058
-10786
20870
15406
-14279
-4829
-23087
23742
6171
-30743
-26434
12160
23952
-14927
-19497
30118
-31340
-27763
-14532
-13361
12757
-21934
-21170
31084
9813
-21245
-19116
-21026
-30506
11943
24639
168
443
32372
21084
24118
-10598
-18080
19527
-10007
-496
26589
-28556
-32161
21944
728
-12713
-26649
20285
6367
18276
29430
-7283
14977
-702
-27422
1217
19316
29400
-25742
-4314
21601
-6786
20726
19071
-17019
-8678
-1416
-19042
-6907
25704
6535
-23733
30918
24648
20302
16770
-21302
-22307
-30998
-9587
27784
-29464
-29879
27675
-27332
9755
5092
-14390
-15480
26834
9034
-29560
231
1335
-8974
5895
13314
-17478
21806
16596
1713
-11222
-3495
10779
-2860
26566
6524
11382
-24566
-29103
-1492
24688
19787
-8634
-10930
-24792
-3908
6276
-23393
31791
-30077
16330
-10239
-21067
12001
-26914
22580
20227
25363
-32157
-17355
28091
-707
-26562
21204
-7339
24829
-21517
17283
-4644
25661
-29595
3932
31932
14023
13786
-13797
-28490
25291
21461
25763
27401
-9304
-32101
15121
-4027
12412
-13742
-9930
16108
3138
13874
1402
30284
-27113
3016
1270
-13644
-25178
17335
-22063
-10876
5334
-23750
-17621
29464
9435
-19447
21999
-16298
-1012
-18936
-960
-14710
-7517
-22791
-1941
20996
11587
4300
-8040
-27803
-2482
-30848
-6748
10216
3604
-2628
30992
11953
-24363
31996
22543
16639
-20651
-26120
29213
31180
-32612
22274
26322
22064
31264
5580
10516
22993
-21549
20048
-16552
4266
6844
3805
19241
-19080
20744
21748
4665
-24297
1371
15740
-7408
-28208
-30192
-30710
7064
1980
-12324
30164
3650
-27358
30521
7631
-22943
-7187
13405
28403
25791
26331
-15518
-13618
23780
-7811
-15816
17337
-5907
-14064
-25468
-24386
14979
9148
5056
22790
1827
32708
17203
-5681
-1078
21803
147
12875
26369
9646
20824
32476
-8601
-26505
-13418
13701
2462
19392
-27980
27712
-2101
-19531
-31050
26912
24188
-23742
4486
271
-6382
-2127
-28718
-5156
13996
11103
-7408
18469
-16745
-5114
4507
29594
-27581
28453
-21519
21434
31458
-775
-21408
19176
22224
1210
922
-2923
-19849
-32218
9011
14454
-13252
89
28037
-1009
15383
-9117
12
-10679
6647
-23717
17599
-20238
19219
10894
20137
28510
-21394
696
24088
-6112
-31647
-5785
-20404
-16557
-23729
28163
-3658
7453
26997
17953
-10210
-28721
27271
-21253
22854
-28730
-17134
31596
-13101
8814
-13906
8652
26688
27905
773
18931
-27531
24875
26341
3689
-29382
-10293
5188
27893
14999
-8167
7762
-18949
15623
31087
1978
2978
-16825
-4085
29490
-16653
-8659
-14443
-12645
-3897
8933
-26708
29687
26370
11304
23625
21072
-28596
-9022
16885
1744
3799
23362
31392
21451
-1064
-2184
-3481
-15446
18872
7272
14609
-1586
17768
32154
23166
23796
-22113
30098
-9775
-27911
4982
21175
-20487
-22979
4553
20945
-20930
-990
2203
-27139
-14253
-23889
7025
13034
18661
27551
14371
-3907
-15765
12876
27624
8550
-15133
16628
-15730
25603
-22579
-16595
18625
-20734
-4827
-29411
4096
-27981
-14326
6070
-15732
32133
18776
-23272
-25162
16361
-3676
2342
-24155
-2798
9310
-32735
32276
-7665
12970
27390
30903
14737
-8099
10120
18900
-3764
22260
-4041
8962
-13377
-19437
6640
10064
28747
23470
-24823
30360
-5450
-21185
27166
-21516
-19100
21096
-1286
21058
11229
7882
16247
32447
24185
-1858
12072
141
4857
4042
-18319
22646
22987
16670
-4675
15252
11985
-19022
-9450
32555
-14689
-15301
-1554
-26440
22792
18176
13889
-11327
10445
-17221
-12696
6547
13835
16113
20937
15772
5070
16702
5930
24558
11240
-32043
-1055
-10362
15038
21987
-8459
-11653
13117
-10335
17933
-17755
24865
-14610
-19972
-9634
32018
-7137
6949
6268
12569
30368
-11021
15259
-24546
-15194
-29998
-10055
-30944
21910
-28962
2952
24261
-7119
-18927
-32053
-7424
-32339
-18920
14201
-15017
9055
2712
-11974
20846
-27370
-30993
32556
5181
-28121
-15450
9659
-18191
-10271
-14082
-15852
16474
19572
15190
-11649
-13851
-11016
17849
-31747
-19403
-5337
-32718
25379
2459
5606
1188
21535
5092
-895
7910
-21552
2959
-28241
-30519
27116
22939
13074
-28801
18899
-22391
-32442
-9151
-32738
30056
-10394
20412
8205
-4609
-24703
-27598
-32706
31848
409
23311
-1972
-2260
-8136
31084
4876
31713
-6635
-17931
-16800
-10010
188
12854
65
29693
23949
-26719
-21369
-30326
32714
-15146
10834
31195
-15903
5692
-24396
-27033
21281
17503
-13556
18951
-3539
18885
-22423
22258
-19767
10876
-13271
17826
-12897
-23041
24799
-17612
-31902
-26304
29126
-16179
29799
5514
-14594
-5428
-16797
23529
19599
-7878
-18905
-29375
-18350
-7559
-15553
3190
16885
30459
-14705
-18425
-14114
-30843
-7880
26027
-19519
28891
-28271
14815
-31382
32684
-18125
2271
18502
17152
-19430
-17445
-20863
-12906
-4274
27098
17212
12810
-21666
22397
23957
-22704
-21972
-24857
-4445
-30145
6573
20543
-7190
-283
-25978
-27567
16218
-27384
-18347
-22983
32128
24770
28405
5853
-2973
26665
-6860
-19545
1244
-20015
14781
-4366
23702
30478
-17828
-21801
13591
-31114
-13987
-30928
-22297
8810
26355
-28991
11193
-18675
-4987
30327
-16493
21360
-32031
-9515
25015
-28245
23695
11256
-22438
13269
-3563
-11540
7148
16307
-22985
-28886
-26928
23042
-8887
-727
-9097
28808
28263
-18722
7735
-11601
-29369
953
3328
-21217
8959
23041
27394
25874
-15143
25568
-21441
-14201
-5959
-29766
-31700
-10843
18490
7803
-16788
-26925
-4170
17072
-16734
5013
-29297
16918
-26490
14548
-31174
-16122
13841
-15328
27437
20867
-12045
-15488
-32130
22931
-7196
-23790
25194
-3497
-20305
-774
25353
-8557
-21651
32536
-14262
18353
20552
-30589
-26825
25627
15597
-9148
-22090
-5877
23373
-4231
-21852
-8433
26686
-20195
14571
-31692
-4522
-24609
-4294
26731
10194
-13203
-1059
7127
-15122
5553
18804
8489
21142
-31566
16513
13218
-29206
-17450
16437
10044
-30470
30625
2480
-29137
-25212
-17335
-15098
-3398
-25552
21749
8825
29016
-3188
-6451
31129
-29209
24602
29244
-22067
17018
4025
-1702
-28090
14098
1574
20000
20945
18730
-9045
19769
-9484
-27273
-27357
-31890
557
20709
12683
5859
23244
-29457
-26584
4347
-2937
-30570
5840
-22532
16689
-13883
-31027
-27038
12712
24127
-26730
12778
-9306
-27523
3681
27371
4794
15708
-11363
18705
1241
31298
-17457
-22676
10009
-15072
9441
-26875
15505
-1249
-21446
18033
16904
11434
31083
-2437
-18385
-18162
29877
-21239
16342
16301
-5458
3428
-25622
21006
-23259
19477
-17697
-25064
-20210
24630
6500
-3052
18430
-28960
18231
12254
-4792
8806
30434
9783
6311
3532
18629
341
-9103
32595
-27409
-11340
-21476
635
-25116
18831
6973
8854
169
2818
5984
-15808
-12737
-21640
1061
-6691
-13241
19786
-3178
-15404
-6036
20360
-4576
17141
-23091
23162
-6667
7566
27643
-17095
9538
15813
-621
25027
29816
5111
28488
1462
-3782
25021
-636
20141
-12950
-14547
7949
11004
-2700
-6890
-17688
28272
27695
-32439
-30818
-30891
-6064
14496
-17284
15382
-4443
-4853
-32502
-2106
8577
-13272
-12521
28982
-11565
19941
22232
-1044
14265
-28392
-2375
25308
29563
26687
22637
-20856
11049
16387
-8430
18808
24740
1009
7289
-651
31698
25165
-19901
-269
19334
-14252
18628
-18567
-20982
-25407
7187
16214
-4344
3865
-26852
8118
12272
12142
-803
-12038
-13354
-4938
24640
-3564
-3806
9989
18417
-31508
12617
13159
-4398
26684
3036
1724
9428
25280
8822
-27696
-14096
-12433
-18407
-28454
26471
4025
26171
9722
13078
11786
-11464
15622
13432
6520
-11300
-30306
-3557
-26883
-22464
-27233
-1930
14736
-21065
5627
6649
-4051
-14414
7784
2086
30209
21473
-13187
2596
-10264
-922
23043
-21817
-30402
19052
-28638
-20141
-27701
15847
-21463
16376
-13360
-20105
-21817
-11603
-3534
-32121
-29656
21416
28271
20335
-15522
-28467
17510
-16852
-32351
15864
-8178
-23760
-17833
4380
-10164
16964
29569
-4084
-26665
-18122
-7981
15838
12968
-5064
-14955
20937
8546
-25658
-13113
-26146
15913
20393
-6666
10073
16129
-22058
10526
-13184
27579
22667
-6476
966
26542
14775
-3144
27315
-17666
2283
-29374
26923
-13730
-5108
27391
14322
2634
19161
-16002
-27617
28196
5470
-27153
-3042
-20213
17177
-11641
4923
-42
-21463
15202
7645
-10295
-20213
19018
20414
-30514
9856
-3136
-32065
-12370
-17451
17058
17843
-29638
25210
28238
-8820
-13096
-22627
10626
-6763
384
30566
19373
2812
7282
-21679
28130
15617
-29846
10267
17317
-17474
18168
19474
15416
14074
-22602
25650
-3163
-21499
-25796
8828
-15107
-25701
31191
23837
-10251
18945
-20231
8202
12941
-6460
-26402
4545
-26184
-25665
-29100
-24339
3872
10598
16364
4813
-19902
13843
16316
4181
28573
13511
25348
-4557
1849
-23920
-1057
14314
-7979
27937
26420
-7513
-25637
-25836
-1392
8039
14399
358
22320
-2954
9017
21889
-15064
-13112
13693
-30103
-27325
-28149
7054
19581
-16621
4139
16331
4809
-28897
-4183
25445
-26303
5137
17964
13126
5300
12580
20995
25571
-1152
-17719
22791
-26777
-19518
24430
12452
-12613
-29604
-31177
-19995
-31879
-26004
-18525
-11252
4663
-9650
-1396
24352
-11463
-13333
21264
-15755
30500
29022
29526
20609
-8597
5706
-24156
23178
-29839
-1405
-14145
-9753
-10926
28143
-13345
-29975
-2022
20792
-7201
27379
-7039
23906
15742
807
-26029
30511
-6151
-6349
6599
-8122
4071
25461
16124
-24643
25353
-15380
22611
23087
-2748
28238
18052
14599
-16394
-17345
-24183
18998
-8792
15026
-29010
15744
30620
23668
11433
32697
26836
-32203
31168
1285
3592
-8269
-13725
-16148
-1734
-18609
-7668
-3488
-10892
-31409
-16095
13834
-17558
-10563
11899
-31755
25347
-18897
29406
9984
-2260
-27997
-13142
-7846
-184
-9488
27846
16763
-25603
-14494
350
964
-15671
-6449
-6873
29259
-14387
19763
-26829
26839
13834
-31345
10955
-20784
-24675
12284
25668
24731
15431
-23447
10725
-9039
-19936
3029
16222
-6089
-7157
28169
2262
-25453
-12712
-2630
16897
-21753
15758
347
20089
20869
10038
-24289
203
-14927
-22837
12566
15180
-472
31862
-20438
3105
-25932
14395
21191
-3236
-11260
16402
18902
-17100
25259
-11335
4343
-26139
-15783
-29439
-9978
4595
-26253
10894
14416
19133
-21673
12518
4731
-4625
29730
-25371
-28308
5696
15152
7455
-32574
-15183
29589
-3471
29878
16503
-5839
17811
1354
26991
-18619
27335
17258
-31110
-2847
23678
21008
-27270
-26080
-21733
-14773
28480
23316
-25191
-26765
4891
-13418
-28713
30314
-12112
18651
30617
9062
-2741
9493
-22548
-29498
-983
-25371
-15665
-26337
-767
19997
-3589
23865
-17740
31204
-31606
-18835
-14001
-24098
-4546
18372
14873
-5782
31446
-6327
26640
15727
14816
-14311
-11580
-1828
27504
-1848
-23347
-21548
-3019
-7719
2309
-7325
3290
-13011
-22531
-29767
27415
25274
32487
13420
-12282
-16663
-19206
1571
32153
-27253
-28310
-27108
22275
9083
6063
8887
-11280
-31634
27445
-14266
8028
5427
32319
3638
-18322
-7869
28000
-29811
-15043
-19968
-6894
-32517
12709
-24752
-21065
14267
-13915
8879
-25839
10079
13179
10148
-27319
-26933
30051
29748
-20254
863
30971
4535
-30998
8994
-4267
-2622
16763
2786
-2664
32762
-1890
-1756
3775
7241
23362
-24767
32315
16531
-300
28797
8124
-8620
15823
637
2185
-14927
25163
3965
-30939
26182
21823
-11123
-23663
30788
-4620
31572
16266
-32344
18995
-31203
-18961
-20896
-7060
22689
-1533
18843
-15163
14896
26395
11876
26145
4323
-32524
-27842
31826
-7614
537
14757
-23777
-1906
11730
-25850
17249
29133
11828
15828
-5296
-10686
-13520
1556
11677
-2763
-23075
26585
2903
21677
-2947
-23962
2131
11461
28040
-6174
2302
-16005
22481
10265
-7379
22681
20217
-2798
13562
-4325
-18190
24177
5698
-10924
-10837
-1109
51
-16341
-6082
7232
-29104
28959
5178
-594
-12879
20781
31137
21054
13746
-7845
17230
-29966
8368
-23014
-28885
25284
-10336
11337
30219
3992
-2099
-15435
-24140
-32753
27247
-24049
-2949
-13564
-9693
14252
-11678
-11472
-24858
-22579
14069
287
5043
-15097
-16668
4196
25365
12197
9814
30026
-16143
-27705
12039
-23003
347
5891
28409
-9215
-15223
32067
-18055
20842
-891
16158
-26072
-7159
9390
-11833
-9122
21767
-10131
3923
-31222
10138
-7883
14310
-19713
-1156
15124
3863
24053
16233
21499
-32255
24205
1565
-29565
-13845
-10587
-3140
-2096
9709
13485
-28799
-30659
-7831
22492
-28548
13692
-24887
-9076
4985
-16005
-25209
27228
2433
-376
18834
16261
30092
22675
23099
-8763
-18390
15305
-9613
-28602
12126
20041
9415
-25615
29425
26167
-16385
29666
23299
-10865
-30639
11557
-29307
-25294
15518
15545
-4090
-23584
-17260
21641
1338
338
17835
32649
19203
-4617
30346
18917
-32533
-9985
-1633
25806
12725
5506
-3962
-26619
-3479
1608
7425
27729
15038
-21775
-26413
-18085
-7765
15988
2358
-30758
-25307
-5627
2487
-22395
-32078
-4126
22958
-15563
-13303
-22154
982
-5526
20484
-14349
20074
-8655
-8955
-28297
3651
21228
2996
-22352
-23517
-18221
-17742
13114
-5083
23780
-9359
17518
-22933
-27050
-9293
13330
786
-26522
31760
-10217
-18236
-20616
-20078
-263
-625
-2612
24369
31136
-22802
-27971
-23322
-15845
-32173
-21164
-1324
10860
-16388
-19630
28199
-25954
17694
2345
-9974
-15194
-16206
-18839
10079
11354
-11250
-12155
-4349
-18305
-6028
-31116
25396
30540
6156
5943
29229
-7153
6418
-16448
-4364
-20773
-10092
30697
24821
3192
-27933
9642
-10033
11603
-23551
-3734
9022
18301
23760
24104
32609
-15827
-20913
31955
-32673
-11725
13608
-26047
-2217
-14005
29334
-14856
-8718
1423
1949
13582
21624
-2606
-10020
32006
4382
-6302
32473
19807
19549
-3104
-32246
19435
3634
-31829
-4593
-27061
31466
-4970
4947
23543
30291
522
1957
8736
-10454
-20228
-30417
-22202
-4829
-28807
-17368
1492
-23413
5007
-18556
-15065
17615
-5528
-25328
-32157
21286
5192
5118
-14261
7240
9365
7451
32270
30962
24624
-31564
-1193
-15932
-17378
-3968
5130
5199
-6100
-4868
29474
8842
-10415
-12006
-11919
-28927
31731
23603
-5380
16053
-15248
31034
-30608
4687
1912
11722
-4589
30388
-20898
31365
-17550
27494
24578
4171
-8967
18604
19080
-7627
13340
25354
1326
21648
-9214
-30260
7830
-6568
6221
32303
20819
22790
30875
18572
6976
30137
-17732
-17919
27581
-21531
-28365
-25617
31121
-16852
-21175
-23373
11204
-23989
-9609
14774
-462
29668
-23562
-29275
-3163
-32711
354
-14353
-28449
12396
5660
12037
-18254
-27757
1194
-10290
-15168
-16860
-14279
-21522
32687
-21729
15055
-19574
4862
-13232
-15357
-545
-7500
6835
27115
-21816
-14637
19292
-18605
-8214
6750
-11015
-18780
-11588
-32392
-222
7231
-9395
4756
31431
21750
-30959
-14427
16985
-10649
5322
-20008
3394
-6892
21690
-23698
-1633
21665
13035
7580
-24069
-28023
-21007
23913
16907
18716
-9538
-23372
12001
-15707
6526
-12421
-8088
-26853
27773
-9470
-18226
-30646
-16405
-28212
-13328
-23768
22781
-24901
-31583
-29345
-28074
13135
-20171
19111
32016
3780
13061
-7150
19275
19794
7642
-3748
15027
1040
-31299
-24846
-31240
-11112
31273
-13356
32095
-32013
-12550
14555
-9006
-70
3935
2466
26334
23505
-16035
-4857
25065
-20437
-13987
13734
25533
-18810
26997
-24360
25785
19124
-17664
-8082
6321
8020
23639
-16289
14985
24514
4848
3479
-19622
-1860
-27660
19905
-6481
22711
-10749
-1217
-915
17536
9835
-18994
-14522
-10170
-13152
12885
22431
-8264
-17489
31525
-12716
6987
-17573
6129
-16190
8647
-26360
-16841
21480
30012
31818
-32373
-24567
15229
-8015
16012
24155
30562
13157
7194
-17114
13157
-22886
31833
-28344
-16030
-20786
-32257
27551
28346
-18541
-3175
-5802
-29846
7699
32208
14548
30183
16049
31943
10128
4836
259
-17353
-10745
-20831
2384
19728
-25874
-9197
-29626
32255
25223
-16955
10388
29522
-14815
-29408
16246
15630
15152
-32007
23591
-26001
23109
-1336
-20806
5570
11437
25720
-2668
-11943
15734
-14417
7385
21406
14305
29237
-5336
-23295
-23020
-3803
-10840
-3700
-865
13817
19861
4736
13492
27809
16491
20190
20054
-30035
29018
-15248
24251
31244
25369
-13916
16563
-8873
5367
19892
25744
26517
20667
-24006
-12815
4195
19074
32348
21452
-5459
14952
-25684
15861
26619
-12778
-22988
-20515
6311
2535
18401
-24035
22866
20518
19838
-13781
24785
15994
-16987
29364
-16235
-30441
-26367
11228
24190
-3705
14168
6764
18507
-19906
-18241
-24298
28763
-11680
12672
13556
3117
11428
3601
16307
7221
18345
9306
30836
-18169
-18618
-24318
6706
28756
-10071
6199
24342
-20311
27539
-4478
10203
-14035
-13046
-21534
-9314
-9107
-10153
-27657
-1595
-6781
18150
25158
-12471
29014
458
-2617
4610
1492
-29253
21172
5027
12518
27025
18146
15315
6126
13864
29977
-15091
-17542
-25957
25654
25600
30736
-21079
13602
-11765
15411
-18885
-2427
31654
-6395
-24721
-10392
30171
-30506
-15345
-12569
-31563
17724
-20262
23571
-4294
-17051
-189
-25320
-20480
72
28284
28073
-2754
5136
-7174
-22229
27405
6480
-32401
-12472
6741
-13080
-26814
-6887
-4647
26802
-22530
-20823
-1015
9795
21446
31405
-29873
-2138
22936
-11519
-9589
3093
-3308
-22440
860
18011
-25990
22063
16084
-30773
25268
8729
-15178
25766
516
27524
-28605
-29223
-16452
-21934
8681
6757
-362
-29464
-24918
25415
6710
-8579
-14969
-23647
24806
-19259
16682
-2106
-2174
-17454
2759
10444
-23825
-10508
-20764
24371
-412
11666
18645
21366
29198
-31306
-32190
10471
29204
26248
17643
20474
2159
-20951
-9637
18021
-25367
-28082
10381
20855
3416
-16930
5960
-11583
-13067
-3864
-10997
-7232
960
9836
29825
508
-1445
-6391
-2467
26000
32716
16886
16665
3957
-7745
15969
-14635
21743
-21035
-14129
-24679
-2702
-28224
-22614
26532
8247
-23239
-7548
32685
-28054
4505
-11476
22688
17979
-13065
32293
6809
-18422
29854
29465
25093
-2485
-16006
2692
1066
-13265
-11273
-20705
20239
3137
7047
-11964
-13744
24557
-495
26683
-20952
14504
-22845
16919
-4971
-5353
-9869
11728
7382
19623
-26203
8598
11181
-11807
-3629
-17429
24528
-661
-26154
-8336
-30302
-19968
24556
-27526
-1457
16053
-14793
14804
-14869
15337
-18027
-29328
-171
-22382
-10884
6200
-3856
-15266
3929
10319
-7210
6848
21227
13706
-14263
32011
29425
-28500
14570
9142
-20657
-31255
-6982
21821
-15115
23011
-3304
-14301
-30868
-20847
17892
3286
-16574
-28562
-26262
-27182
15387
32243
9796
-9021
-26247
23615
10143
-1180
32338
25478
-30766
-23884
-15104
-31776
27000
16646
3811
1796
22698
-3824
-20715
-955
22258
-27216
-31833
475
-13594
-21421
31831
-5001
29868
-18286
-7286
-588
24404
-24599
-28662
-6696
-854
28345
-54
-29027
20629
19863
25802
19936
-2777
29438
-21793
22838
22542
20182
10211
-15035
32091
-29727
-21391
19487
8248
5385
23505
2877
19268
26793
16197
11244
22286
28507
-4774
-22579
-1475
-14596
-11903
25220
3792
-29640
23665
3898
30649
-10903
-24036
31061
-10019
-7298
31323
13748
6471
-12290
3267
-13776
19735
-22767
-31647
-16289
21386
25087
-29639
-32595
30218
21757
-21143
-21409
7546
-25636
21625
12832
28248
11170
-29486
-16228
20532
31297
-16616
-7126
5182
-31417
4047
-4171
30048
11182
-12407
-14770
19684
-19239
-8401
-17623
-12545
19005
12621
-16215
-28427
-28537
-13642
-25268
-17163
8952
24792
6445
-14924
17472
-22107
388
-18594
15376
3977
10638
-2305
20189
10358
-637
-8097
-23333
23063
-25969
-20350
-8219
10366
28688
13708
15987
-3664
27210
23560
-16568
11272
13938
-19713
-29649
-7664
-21775
-28991
-4867
-19283
-13800
-8850
-10665
-9218
17236
1053
-27758
10545
-20045
3952
-11007
8162
12640
-542
26014
22059
-23142
-8500
-5823
-1348
-27944
-10129
18070
-7009
20666
-31674
-6508
25015
28173
23870
24232
-27994
-4520
3870
-24036
213
-1990
22794
15334
10583
-27200
4086
907
-21200
-20213
-27198
-10633
24349
-26696
32447
2716
-16404
-28404
-17174
12754
25170
-5527
-18093
-8204
-22956
-19236
-9705
-17885
5423
-6210
-4087
13689
-26506
-9572
27305
10824
15729
-19990
21073
-15793
2935
-24950
11105
12906
-6859
21553
-16536
-6784
-7535
-31611
22161
-24878
-26734
-28696
-8519
27560
26536
-30112
-13852
17213
-6886
17215
-6233
-18209
-5625
-1879
-19359
1964
31836
-29409
-28981
-24512
-26262
25194
-31786
-8234
-22018
-19534
-8687
-12326
-4655
3587
-24438
31454
28615
7828
-15795
5989
-29163
-12703
8487
-7791
1641
21973
-24634
20661
30823
-2518
32552
3712
13626
8264
21513
11094
15949
30699
-20468
-19678
-10395
-4926
766
-10464
-8959
-11915
6441
-18907
21411
-8016
21580
10469
15290
14353
-12013
10979
3868
-8083
21285
-3485
24484
-25499
22778
1498
7377
30452
28141
4162
21254
26797
25591
-31093
-7337
-12127
31960
-28399
25034
-29079
5471
-29739
-21208
-11685
18073
-21856
-3224
-3347
-29053
6139
-23736
-14414
6308
25763
5885
20490
-29854
24045
-31628
-27703
-10882
-20748
-5262
8225
-13478
30718
15274
10395
-20025
23276
28756
-791
7041
-27091
-19366
-18631
-18137
28718
-30260
-29963
7433
-26257
-2264
25610
27591
23107
-11202
13951
19206
-29461
-28770
9405
-11648
-19855
9464
564
-10652
-32074
27677
8783
27721
511
-1870
11099
-7116
-20665
-2680
30619
-29274
-14951
29536
-7543
-31997
2349
30844
-4263
-18048
-8917
8155
29977
-18540
22904
-30860
21822
-8229
4956
-29675
11723
20042
-9620
27045
20080
-17367
-23054
26954
20009
-23544
-27802
26607
-11731
-368
11556
3914
15275
14456
30200
12701
19777
-2238
-4591
24395
-16458
-16664
-21977
-18263
24537
-12928
20120
2657
-21168
-28904
-997
32516
8094
-14515
-3002
12043
32296
-8165
-11529
28797
19232
31029
-18251
-9355
-12093
23449
-9264
-11616
30999
27391
-20279
-32630
-22927
-1629
-13846
-26322
-3786
-4711
10190
-7298
-26718
22793
-27607
22529
15471
7026
7722
-26401
9028
-14419
31208
-17145
-30551
-22825
17571
-1133
7150
-21521
-11939
20620
4081
-21389
-19795
7358
-15278
9763
878
1527
22440
11543
-21340
-15853
14266
3291
5515
20249
15929
-29476
-13224
25121
-13407
-16634
-20155
-8670
-16545
9658
-22273
20774
-7994
4420
19652
-20705
-18010
29795
-7932
1249
28234
16608
28639
1948
4736
-18996
11025
-22829
16038
14391
32640
9615
5891
20252
30118
-17313
2180
14949
-25395
-4597
3029
23070
23749
-11525
-27789
-13615
-22354
8999
-24339
3548
5544
-30785
31863
-22430
32637
-1802
-14979
1566
-8227
-30050
6409
-17603
26128
-17244
-28353
-17229
-11762
15236
-24687
5135
-27476
-9877
8131
-13948
-10085
-17998
29934
-27287
-21560
-12755
-6753
10683
-12529
24298
16587
-26601
-6551
2973
29610
-32088
-7096
-15900
27045
24266
735
-12855
9664
-27898
16
24800
20773
16665
4078
26013
20335
-22298
-25236
-14980
-28493
19203
-2531
-27438
25412
23618
23314
10330
-32462
-4035
-21242
-14304
25570
28757
-12347
951
12731
-10635
-28344
11019
16966
-21563
21094
7334
-17635
21957
-25510
-1693
10023
-12579
-16900
-16291
-13903
4779
1369
28317
10199
7853
29630
-22522
-858
23799
-13705
25442
28127
-12742
-30129
27858
5855
-24091
-12751
25146
-9491
2218
26459
-8068
-8939
-9256
-15790
25567
29457
324
21082
-17241
25973
8780
13811
5010
-26403
-25992
16502
-25573
30094
7846
-10593
-9269
-31570
-27596
7100
-7484
-21041
-6374
24042
-1282
19905
-5
-32144
11668
8426
5745
-23416
27325
-30669
-32395
13629
3411
599
7711
-26802
-31241
-31954
-18199
-25821
-7285
-29577
-16342
6573
19764
26002
-1828
-1486
-18758
16803
-26351
32269
-12270
28275
29215
650
22057
-16473
20920
-3298
-19637
15807
313
-14855
16234
-12233
-19571
-14290
4280
16850
-9840
-21423
-12113
-12488
2919
-3481
-28309
-31744
10750
-18262
16724
-29041
-14593
-13863
21376
-17856
8727
-30337
-12151
-29938
2366
-3019
12482
3439
-22180
13879
-17534
-5452
4733
-15569
21403
-7271
-20932
26220
-32620
-27067
-28401
32061
19235
16534
29386
29449
-18242
11096
19493
2576
10357
22973
-27514
-28208
-5764
4074
-12560
11744
7303
-15223
-15987
8612
26130
-327
28279
-13163
-28339
-2871
32613
-9544
15157
-2988
-30215
-13665
-29381
25789
-16051
15740
-27593
-1611
-6517
-12179
28843
-28466
29567
23344
-25897
18650
7628
-1683
-17928
15278
7358
20635
17477
-18324
10399
666
2417
32336
-11151
-11228
-32114
-9492
14254
11218
-24495
-16928
-6021
-17284
22798
25298
-21084
-12804
21138
-9333
-17580
6533
-28912
-24102
-20555
6767
-3085
-29872
28208
-612
6311
17779
14111
-11530
-26248
-3223
-32637
30295
12854
-2203
7707
-9758
26682
-18650
-25666
-13812
-25592
17014
-25468
-19463
31984
-19263
15709
8092
22469
-9448
-5818
-6965
9046
-26602
-12573
11831
-1978
-31232
25861
-2100
22161
-19583
-32642
-19664
23770
-18422
-24215
-30658
-4384
1446
9390
13923
14864
6364
22435
-32672
32347
30660
29829
-29602
14152
-19685
-28038
-25553
-5981
-1660
-20404
-12879
-14680
-16553
-9201
-13010
26519
21707
-21534
-28280
-14676
5052
9556
31080
-8007
-6391
-3641
-5243
4660
15682
25973
-2253
9580
19087
-28291
-17041
-8351
-10319
-30234
-16274
-32119
-25768
-31407
28304
-12353
6930
-3835
-18939
-31897
-5458
27894
24767
15465
-3505
-10222
-31921
-24140
-9372
25282
-18916
-25228
-16650
-31080
17553
6642
10816
15466
-31294
31070
-15682
27101
9198
31110
32756
-29573
-5650
-21774
21995
3813
-4265
-26493
17056
-7241
-19164
-25234
-20596
20829
19555
17926
-22689
-24061
-13455
-26605
31869
-20948
-28551
27315
-22554
23457
-24851
32523
-20342
18429
-14068
-30391
-10922
-18685
10942
1592
995
-22898
27464
23644
-878
13436
-662
-5966
2904
10921
5746
27192
6893
20710
5995
10192
-25978
17578
5587
10287
-14830
32470
10229
739
-28840
-9054
-20421
25545
15192
24297
-5083
-3653
5096
3590
-31212
-12551
15835
2431
-5915
4135
-25149
-15346
32125
23077
-7230
18757
11379
30311
-26594
-10877
-19799
10976
30961
-20773
-1343
-28003
-26753
16067
681
-27009
-12436
30270
-15534
29591
21913
-29974
-14848
32578
32383
-29061
8988
22830
18959
-4058
-11403
-26663
3049
-25132
-5662
-947
21530
7650
-22298
29306
-3304
-4631
8927
-28132
-3730
-21813
9851
979
-2557
14266
-16555
-15103
20847
28146
-32671
36
20069
31868
5376
12135
9853
10812
-15047
27852
11980
-10457
-18915
-14644
-258
21996
9986
-28629
-21075
-8732
-8041
22139
28251
-13962
-3353
-17688
32433
3229
-1002
23893
5329
-28407
-11390
-956
-28289
-28935
13083
-29067
14909
-16457
-24806
20382
-8882
32237
27416
-19196
-18254
-10626
-18899
-25676
10674
-8283
8661
11235
-16338
-13849
-7213
-10329
5157
7493
-16745
30633
21336
7649
25395
23950
14346
5069
6550
14693
-30829
17387
6079
-3976
2156
-27286
-20589
-2259
-28402
19128
-9329
-6800
23131
7577
-2700
10707
23108
15937
-30593
3769
-3641
-4111
15808
25140
5170
-3983
7396
2472
-14457
26397
-19013
-29542
-19948
29183
-5558
31471
17293
-28019
31811
-5525
9490
-32224
-27333
14890
18810
21554
-2028
-17682
26084
18777
-6748
-32099
1410
-12913
-2376
12053
-27482
-12914
23572
-31548
14501
27882
-15893
-15561
24247
11485
15276
-18542
9824
6645
31583
-31418
-17361
27787
-31873
-908
17932
-14924
-20669
10763
-29300
5780
2877
28043
32390
22191
17424
19348
-16291
31831
-9544
-11673
30476
-11562
-23231
19221
30085
-5774
31214
-20579
7190
6561
-18766
-26947
18743
-32349
5143
24017
-24005
3519
30662
27308
15003
-7497
11392
18071
24936
11637
5979
27278
14942
1251
-22304
31959
-5741
-25391
-29554
-5788
-20735
-25289
-10973
-5505
19991
-29454
19440
-21839
-28424
29639
7520
-24001
21814
-5579
25716
-10342
-26416
9056
17313
-2838
3031
-15012
1067
-4837
30249
-19145
10964
11204
4771
-2330
-30676
-2849
27321
26381
31988
-17352
4618
6807
1807
-20928
-2335
-13020
18696
14488
9853
32050
15193
9046
-11258
25278
-24237
25475
-21
-15198
4372
-13100
25942
8141
-24521
-16772
20040
479
32561
16609
-5080
-2943
-32615
-4262
1931
13409
27106
-21041
368
-19437
5924
-3358
32644
2733
-20906
-31731
-25625
16488
-6032
-28940
7052
-30118
11569
1266
12410
-13924
29832
18911
-15435
-28926
-30888
-24254
6549
-28393
13589
-8825
12936
-26730
8701
16335
15491
-4531
21926
12034
-31776
8282
-18298
9377
10469
28031
-29324
-22888
-1164
23317
-30615
-27088
17570
-17840
-4715
-1761
-22374
30656
-32191
-17635
-614
-38
6584
-31726
-30339
31843
-19412
22485
29217
-10004
18089
5434
-4585
18893
-13296
23339
20494
-7303
-8769
21918
32751
-19734
-6831
-710
24042
6475
10584
-22967
-28977
-19174
19340
9120
-9943
-8081
24659
18321
-4055
15705
-7259
25308
-16097
1707
30616
-20727
5305
9321
3595
-16453
-12102
6730
4184
-2638
20052
-16561
15422
4852
-4779
-9543
24973
-816
14334
-17245
32097
-18700
30039
1924
-15783
30213
17332
11485
12597
10661
-9932
-4019
-13180
11485
11296
4025
-27909
28449
-13799
32183
-19864
-26523
-31134
-23400
9600
-29461
11663
-29702
-13815
-18253
19466
24494
1027
-30189
13221
-2492
24863
4613
-19525
22870
27311
19944
9022
-30348
-21638
10838
-17650
15621
-15039
11093
-2387
-11626
6856
9640
-3965
1538
-14316
15398
6028
19584
-15031
27349
28728
12150
11850
17658
-22901
-28306
-19929
7639
456
-16227
-19835
14947
-8850
-7771
-11506
-2742
31631
-17473
30455
18292
-19208
-12619
23740
18563
3821
-12317
11262
31761
26153
-198
5580
-15530
13615
4448
-24069
4591
22474
23685
-665
-647
16206
-10421
483
-1503
-6023
-14065
-24753
29246
-29262
-21994
-4879
-22667
-572
-17235
3578
7399
29469
-18719
-6666
-26132
-5138
31109
-12333
-2770
-13715
23457
-27265
4990
-30772
8637
30582
-7335
-3046
-23276
13891
30240
20565
8192
-6823
-18170
-14396
-5764
18200
14952
30591
17480
-13615
-7627
24940
-7494
4503
23571
-25128
-5882
19226
20363
10405
18603
28842
16426
-11028
-16484
1463
22877
16935
31025
28026
-14560
27193
4727
-31133
-8542
13125
7812
28842
-18241
-15261
-17437
13990
-11877
-6859
29083
-24415
14546
-22650
20014
12495
-11446
-2389
20678
20627
-3274
14400
-7636
11683
-6551
-18589
28073
19447
-25341
16491
31512
21673
-12918
17961
-7786
27999
-24900
26279
-25841
-16765
30271
10552
32463
-16397
-30821
-28334
-19957
-13721
6042
25595
-25711
30085
-16931
-14381
16870
3943
-558
-16248
-30095
-22584
-12003
21293
132
-14919
16024
31721
-21229
-16290
-6055
-10590
873
-2254
21617
-8877
-26043
16603
25389
10636
-18168
3426
21821
29446
-24913
28397
6316
-26620
5624
15129
-7525
806
9070
-24730
928
-4521
-11273
-14804
3734
-4681
5909
9342
-11660
27421
32029
9251
26752
30091
9217
17805
-26083
-8001
-29802
-16515
-12498
19504
19477
1739
-24904
-30736
9584
20025
28418
20886
-11910
-7748
-17849
25427
7781
23648
-18736
9564
31155
-3895
-26245
12819
-7104
-13531
3641
-28574
-14951
-27262
7195
31905
18735
20355
-10696
2401
18833
-17059
26556
27166
14071
-7172
31323
30772
11547
-32255
6300
-1666
-8413
-18009
-28660
25175
-26105
-10385
-936
-11912
-24639
-12310
-6028
-30752
13739
299
-14541
4141
14351
-23262
-26831
14517
-18713
18557
-32285
23052
-16970
12467
-27922
-12160
14512
25343
-18075
-15494
-5200
24112
17450
23138
24489
23906
6181
6030
-29678
-12834
7187
31028
21374
-28384
4457
-30602
-558
-21693
13151
26634
-25640
13228
-15491
8544
-31356
-11857
12879
25968
-9912
-4851
-31663
-28353
-8286
2165
22788
-19014
-15165
4037
20544
12096
5927
22713
-29229
13512
22567
-28583
-28578
-14180
-18342
7289
-12321
7311
-9994
11140
-16112
14982
15359
5638
10575
-18441
-14624
-20072
21124
16736
11801
-10369
-9230
22154
-636
-3288
-27822
-4792
9462
20794
1119
26793
24336
15692
-31932
20920
22631
3802
25284
-1336
-14878
-24190
-20907
-11015
15949
15372
-23384
-21800
-1194
-16700
-13806
-19479
16462
21571
-3307
-15090
-4625
26438
-12490
-25560
-14236
-31812
27647
-15690
2278
-21189
15206
-4516
-22720
-14214
-10637
-27252
13391
12437
23413
-70
20002
-3256
-19359
-9420
-7486
6260
-220
9640
10674
22200
27145
-11223
30246
13989
-26428
-3487
-15102
-7258
72
14443
-26554
-25643
-17388
-4766
8896
31471
-31180
-2211
-18896
-29119
12786
24292
3638
13221
21198
1452
-20630
8075
26843
3834
-7512
-10798
-15052
-12624
22999
-17085
-31745
-20062
-18467
8877
-26694
-21053
-1592
-31021
7419
-24819
26071
26449
12486
30543
8630
21269
9254
-2951
21129
-17378
-32001
-13465
3313
-17239
2682
13754
-17797
-18600
-22532
-12606
-2807
-2550
-992
-10594
9746
32657
6278
25638
6056
-10218
-2987
3585
11703
-12427
24089
-18036
-26159
11245
-28147
23429
2293
-5376
-17140
-18656
-10505
-21834
21953
24582
-9219
19391
-30495
22165
18848
-15673
4703
-11961
-27103
17018
-21207
-25678
32291
27155
11175
6158
-5422
23902
-3206
20307
-16806
-32390
-17706
32535
2920
-16917
-6647
28214
-13930
-16384
-20800
-8643
-14469
-26500
-21089
-25983
-25651
6676
-10214
14704
-1797
-28906
20785
-22389
7883
-18003
-10919
30874
26180
9775
1315
-22453
22605
19023
16614
-9368
-13423
-30237
26419
23020
5937
-737
12545
-23361
5937
-12680
-24726
13359
-8579
-22107
-1620
1589
-19315
-23245
20394
-11781
-16205
27510
-21054
23289
-29484
22068
2177
14128
18634
-14818
14632
4625
31284
9392
16874
22335
15332
-331
19148
8074
17798
22698
20893
-16384
-11586
-467
22205
-11626
-15632
-9964
30580
28945
25144
-19550
12511
-18087
-17728
-6472
-23040
-32446
31053
19240
697
-6531
32536
12289
-2352
-14478
12789
-24862
14213
-6890
-5718
-10993
-9555
6573
-18902
575
26120
-32399
19339
-1426
-29782
29636
9407
-22526
-15847
3547
-27938
-16752
-13800
17846
-28194
17368
-25434
8882
31759
5698
32161
-15269
-11695
-20112
-29223
15968
-8591
20722
-4700
-13202
-19277
-15530
-5560
8517
3557
18542
-16366
5394
-18752
-19459
19588
5108
-27676
-19324
30328
-19657
20876
10984
-28611
-18616
15905
3533
-7342
-15805
-31888
2599
-31460
17160
-18625
17079
-9956
-15195
-22251
3500
-15600
29218
-26606
-16289
21339
27916
-9924
10494
-1333
11329
-23198
-3038
8105
20052
-8016
-13039
7300
-31308
-13998
10127
11797
19047
-25313
15009
1897
-24719
13549
-19584
-25586
-8441
6555
29859
-18275
11648
17700
-5972
25565
29310
19168
-5278
-4443
-1486
263
-25116
25979
-19521
-23975
-1997
32172
-32641
13451
-12844
-29103
3763
-17215
21881
3554
12744
-22594
-20800
12273
21167
15491
-1768
-29185
-30894
27648
24767
9627
4927
-22810
-27308
-12294
-5320
-19042
25866
6579
15914
-978
12725
25055
-18399
1333
-30366
8272
3590
-11478
-14562
8584
12846
31804
18626
11150
7550
25052
20280
29400
4629
5266
4843
18922
31821
21991
-32357
-616
-30892
5549
-8080
-20168
20809
-14204
-11749
-9249
-8708
-17239
-23320
-23754
-818
-8708
23200
-19993
-22891
19313
21612
-20843
-5739
-18632
-29001
12741
19880
11896
1415
29663
-20022
-7983
-18395
25547
-28857
28947
32476
8896
-12683
9141
-18958
-4346
20816
-5642
-19489
-3917
9629
2464
5012
26246
-421
2894
12752
22543
-26359
26297
-29415
4971
-11649
-27032
-2557
20103
-8700
2284
29275
8455
-17267
-27905
-28561
2921
-13056
15257
3707
-20492
-30735
3
9761
-30579
-20499
15965
-17677
-25728
25522
19557
-2809
12053
-17775
26172
20175
30554
-28273
31564
23445
1982
-14993
17658
-14546
32543
-20765
-23011
26869
5422
477
-4535
5358
-6750
-25644
-23160
31442
-25958
15731
-18296
-17368
-26604
-29262
28751
23884
-28095
-28588
-9219
-4210
-10032
-5667
-13580
30551
26448
-15989
-19823
25674
16746
-4282
22780
16981
-32710
27875
25002
-9442
18843
24851
29295
-9246
-15071
5266
14395
-26891
23273
8757
29559
-28853
10340
-25294
-29804
-32383
-5245
-28425
-22721
32703
-23751
6970
-15544
18964
-32676
29995
-3537
32443
22587
27157
7196
-24607
-16933
-28354
9774
15910
27998
18384
-26526
8806
11062
26797
-22433
9119
-29945
-6892
15355
-10173
-22199
-11630
23777
-11231
13312
-15190
-21142
25764
31343
-9845
-19753
-21970
21847
-13781
-14803
-28525
10596
17545
5229
4775
-3349
30597
-19164
-26626
-7908
6601
-17978
-12633
5385
21511
-16130
19196
-15531
27495
-17886
28347
24586
1094
-30522
-12248
-32083
22375
-11467
-18191
11020
20917
-6196
9031
-19610
13349
-9216
9299
16684
-32583
11856
14677
18449
19698
-31949
-3923
-11073
-3050
22919
-32085
-5129
-26229
19746
-4696
-7099
18370
22502
22687
-12273
17323
5350
28074
17362
-20233
21900
-5482
-25092
10863
28687
1742
-15693
-7171
29238
-2937
-16748
25798
24285
14702
-5952
13606
-2313
31234
-23590
25361
25564
2143
-17613
-23216
-12215
8158
31012
1074
-25814
-2695
-4289
19128
-16043
10049
-31264
-20512
26027
-14205
5480
1757
-11083
22166
-16818
6284
29177
-20053
-28150
-24693
1356
21941
-10405
21173
-9699
-29628
-18050
-24941
10395
-19052
30336
26681
3992
-8306
13477
-24630
-2918
-5724
-22740
22160
-448
23271
11738
27384
-17029
-3991
-27974
32187
-23210
23509
-30968
-2425
-16022
-15950
-1866
5716
32162
-24109
-17310
-22155
-10282
16408
31155
5011
-5511
11051
6250
32436
-3210
-22762
-14261
20993
26272
32563
-3035
-18123
-25591
7673
24773
19206
-32171
19721
-16694
-2413
-31082
-16651
3989
-30215
-15726
-2491
-24689
22827
-10690
-25959
28052
26792
22429
-156
-18387
19943
6507
-9051
9950
-7491
-4604
-7832
3151
-24285
2004
-10001
-27555
23606
-13125
-15163
4925
-26081
24184
18405
-25449
-3184
27377
-7406
-16309
-18329
4420
-22582
30041
20835
-21223
-16987
-23051
-9890
-20535
32587
-27771
9110
31910
-20637
6554
25697
-6370
16620
12772
24018
18691
-31224
-18459
-23120
-17240
27927
-30410
-3674
29441
17820
12024
-9015
8084
-30510
3543
7706
15069
-11588
-610
14319
-13931
-18292
16221
26971
1527
7487
-6645
-6742
-2012
19186
31286
21006
-4142
-18712
9841
18523
9748
-12674
3974
-29696
1770
-24680
15121
24033
26729
22374
-11977
5536
-16953
-12155
-31190
-22816
-9141
6788
-9245
-26921
17609
-28456
-14417
-14930
15478
12959
-4476
-20878
-29294
-25598
1331
-31886
-13802
30170
-10095
-23356
31721
-10284
11085
4656
717
-504
13991
24956
21221
1684
-9171
-4878
-26281
-4842
-2459
-17132
-6265
21961
28822
2409
15855
-19309
-13676
-29681
-20162
28340
18149
25123
29106
25203
3397
-28260
-7128
-12119
-25221
27686
21283
-24238
-1553
25733
-4768
-3711
-24094
-29338
-30152
14167
-28432
-6481
-9410
-31387
25509
-11748
-796
-168
-22243
-28098
14824
-25409
6420
-21272
-9008
-298
-23359
-14033
-17812
20217
-14667
-31423
-17258
-5062
12350
-16153
-1302
-11953
-4696
-23508
-19650
3210
30711
31992
19752
7029
-19942
682
866
-23830
-22267
-981
24686
25126
-11857
8754
17358
-10313
-8671
29487
14821
-198
-21
-30448
11855
9473
14801
-5873
8725
-31389
-2756
19186
-26735
23968
-14349
-25805
1644
-20010
-2515
-15077
-4615
1384
-7149
-17109
-23893
-15376
-13741
21840
-6083
-17042
-9065
30771
-16588
-4175
11344
8442
-12448
-23918
-6271
9203
4629
-6643
26550
1335
-26742
26240
11884
18787
-27428
-29170
12940
18384
-25562
-24164
-15268
-24297
-30484
-25794
-28381
-18545
20981
28835
20293
-3537
-5581
-10066
-29473
-27987
11735
-29703
-8984
14770
-6488
-225
10649
-13994
21470
4173
26425
-30094
15418
9249
-28212
-12764
-2452
22763
30701
2623
-24292
26891
-4656
-22551
18421
19632
-24831
10129
26714
16275
-26723
30284
-24521
32215
-6376
15586
1719
-1558
22650
8519
9188
30173
29784
-31604
-1884
-26829
-19933
11391
8911
16817
-14395
-17087
-7922
-8855
31046
32217
25792
-4245
3870
10240
19044
30229
11231
-12900
-19422
5558
-18912
14501
-30195
-6140
-16897
32220
-9956
-22739
-1089
18659
-11455
-16825
1930
-22386
-10692
17770
3986
3683
27387
-32215
-19926
5216
-7215
5984
-7509
-15051
-21091
4588
-20197
21157
-417
1193
13558
-10843
23954
24085
31715
632
-16617
-14423
2899
15864
22311
17973
-23844
2415
18460
21047
-26058
-29853
-22512
-3036
-13704
-28288
-21518
9993
15142
885
-4397
-32509
16471
13437
-29035
25183
29403
7870
-26812
4372
-26349
-5880
16342
24255
-2498
25510
25555
-4115
24603
17244
27305
11674
18870
-10104
12392
-26102
-23345
21892
2746
16926
20437
5972
-18233
3009
-5592
-16976
2900
-25271
-17515
16097
1999
-10607
-18122
-24450
-24318
-4786
20590
-17295
-30826
-4429
-21335
-3122
-31799
-11445
-27317
14305
28565
27565
-20452
-28195
3517
-31344
-9160
31002
-26392
2143
-12960
-30098
8816
-14459
-9912
-2178
12479
28317
-17771
14445
23205
16978
-5092
10337
17033
6877
-32122
9100
19632
24317
-13701
-17494
-8148
8611
10885
-16540
7544
-10641
5116
27236
-6046
-5304
30447
4283
-17076
4832
-13692
25373
-23533
-1459
-28798
7368
-21966
30630
1496
8448
23064
14690
1972
19623
6930
-13017
-8804
13139
27215
-28868
-31916
-23020
21953
12591
-13145
11413
8371
-17531
10257
-27461
-26828
8059
-8249
-2802
-7203
-28182
21918
-30898
26863
6235
-24402
-25402
9298
-3223
-28899
1940
2291
-5918
-13800
-18869
-3385
-4857
20435
12854
16846
15643
10650
-10627
10677
-23620
-32141
1677
14703
-22189
15970
13175
-17458
-22806
-25168
-12646
-4959
23079
-31656
-29671
8315
-8550
-9617
-7267
19710
7365
-26572
-10361
-24274
3835
-7565
18995
-1159
-871
5065
-22215
-3815
-28676
-31663
26972
-28425
21618
17088
3634
31406
-5925
11976
7105
-20492
-22543
-15791
6557
-14717
-30144
9124
26016
18205
2181
-20489
10644
1595
-11757
8214
30177
-18150
2617
20493
-4137
-23073
854
-28526
17870
-23128
-24847
6410
17545
19272
-21546
-419
12672
-12923
-26524
-20235
9835
-11258
14071
-10025
14280
-9014
25516
18050
-26364
-9167
4820
-18188
-15782
19660
20311
-7049
26008
9907
-13332
28569
14430
32303
-23970
19494
-30925
-15915
-7359
25537
-11751
1431
32377
18060
6438
19027
-23734
14365
22179
-21396
26002
-9712
24202
21836
-27699
-7730
-13769
29679
-14928
-19848
-32478
-20980
28549
28874
23615
9042
-28293
463
5107
-7288
19081
-28706
-19294
-25190
10706
2618
-32473
-8108
-3944
-803
-15101
-29318
-28166
16381
-9176
-13951
-3864
12890
25524
-15374
-7860
14035
-18185
30183
4917
12725
1874
-27857
7181
-7733
23267
-13393
-8827
18748
-25342
-32053
2015
14242
28813
-3052
-7372
-32065
31250
10494
6605
22519
-2367
-6686
4871
-32456
-12044
-8030
-26994
-28821
-3162
30551
204
18725
7753
-29399
17287
-1274
19169
-32161
32151
10672
-4029
15741
-17267
-7526
-2521
-15694
-26156
-29029
404
-3860
-26929
31033
-3186
23382
8089
-11473
10464
17654
-24368
-6015
21230
-7344
3596
-24772
17397
10102
11795
-19294
26234
-178
-24393
-16621
-22173
98
31359
15773
-12807
12382
26820
2499
-3684
-25559
12944
-8706
-7036
-19142
17019
1788
23221
-26663
-10612
8702
-19885
-25092
-31800
14998
-10920
-28038
23179
-663
-30393
-15287
32083
-21718
-28358
15613
20703
-26239
-30094
16050
-21464
-3012
7138
-31214
-7487
-14907
14187
30440
13349
2495
-3728
-1918
-3135
-24395
-1641
14215
3525
-18123
10302
4265
6983
-22395
-28068
20152
7556
-4898
-23896
5036
-31914
-27409
20954
-4638
17433
16004
17551
32475
12761
-22469
-1843
-17608
2668
-14389
-20639
14275
-18329
-21040
29183
-25714
19979
9185
7406
3486
31384
-14669
-25068
11569
20110
-18388
-3793
-24403
12402
13150
-14807
17494
15020
-9858
-26990
-18862
-14689
-19274
5093
26306
15294
76
-19500
15822
-25876
-9731
2947
30701
-13617
-26364
-9362
-27145
-13753
20135
10893
13391
-5004
-10294
-21877
-14808
-25292
5572
22034
-30252
21287
-17300
-7150
-22121
17416
32270
22043
12658
16657
28656
-22673
-17706
-21901
26285
-30272
-27134
-17382
20262
-8679
28362
22200
-6917
25803
-24788
23374
-31895
-2537
27736
22753
27804
11256
5948
5637
11680
-18399
-9169
-9344
-24355
-2434
24954
-8604
-24300
12981
17279
29714
-27912
31447
5474
3647
1591
-32322
17568
8052
-5096
28181
-31465
-19670
-16490
1622
12058
-12203
-18479
24027
25503
-24569
-22569
16231
-31647
-24949
-28280
1043
-2722
-28296
-15410
12549
-3538
-12335
25111
-3601
-12374
10176
21589
-15577
12866
-15227
-24481
10672
26629
-8228
-7591
-30127
6186
-25837
-6467
20846
-8650
22909
-10031
6632
-28918
-4635
20624
-24453
-766
-16574
5502
-4964
18701
-23733
-4760
-1929
-32690
24460
20774
-3846
4759
4280
2645
-5587
-28711
11851
13094
-17828
-32621
-6240
-23263
-26357
30587
9865
-9566
-18422
18974
4942
-18638
-11322
-3962
11853
17921
-4700
21312
-22549
4653
24222
-27642
23531
-31423
-11543
1315
20749
-16789
30429
14070
20154
1475
16406
19699
1336
20789
-9463
12349
22905
19666
-18726
-9739
24984
672
-22021
4860
-26306
15830
8944
12864
-28008
-15519
7918
19711
6751
-22417
-17884
11985
30528
-29387
-23222
30323
11628
27808
-21698
-9215
-21029
-21530
-2903
-7192
29159
11535
22680
12951
-6287
25267
-26149
-22796
-30475
25938
28083
-14961
-8496
19052
-2225
6149
21490
-9226
-9288
7107
14296
30669
-3068
11613
7604
-12000
-5758
19108
-16051
-24467
-31357
-17573
13044
-28288
7196
-25671
862
-26545
-7323
-29677
-16855
-9854
4404
4314
-12909
-1270
32412
-129
6851
-2224
-15197
3192
-19197
588
29320
-19790
-12406
-2559
-7080
-3420
31587
-17594
30921
5356
27701
25240
4245
-30314
-5349
586
-7982
-31081
14437
-4326
-5268
10909
22573
-4845
-12067
-9356
-21024
-3091
15411
-10874
20957
-15591
-30838
12834
24701
-6220
1434
20852
-26675
-19043
-23089
-30415
-4884
19568
15584
-30597
-20666
24029
10158
-18146
8446
-31809
-26407
28226
-20105
26246
6357
11462
29667
-30480
-15895
-25240
-14119
4320
-13738
-876
29102
-31859
-20184
27788
-16899
-18619
9907
13119
8820
13494
28090
-8240
11961
-30575
14188
-14219
8178
31977
-26820
12634
9034
19510
-5082
-5952
31643
1346
-20013
6169
31705
9474
3210
-10085
16189
25201
-15728
-20410
7807
-927
17115
2190
-4992
30407
16016
-14869
1145
-6128
-35
-19432
-1988
32497
-2908
-22761
12862
-1509
26706
-4864
13108
-26552
30903
-31175
-2879
-29402
-3297
-10730
-21444
-10197
21579
12268
-11879
-25783
7782
-23293
-25862
-19827
-1229
8646
27091
13379
20636
7942
29725
-7370
-22097
-18935
-8054
31572
-32271
24844
-24705
28068
-26740
20302
27806
-10647
-17499
19362
-14781
-21357
-10081
-7042
11917
-7121
-6357
-8024
7770
-15792
1136
2039
-7889
-31115
5902
-13698
19497
-25339
19033
26623
-4316
31523
1471
19289
-21527
3605
31153
3443
-11617
-25567
-30414
-8727
-26074
27499
19486
30511
-13795
28272
-21858
32620
-23631
15753
-5232
-5725
29136
-16785
-9449
31018
-29799
-14809
15543
32015
30932
-15928
-25837
-23376
27430
26731
-4657
1300
3483
-663
20953
22881
27338
21400
-3383
-24345
5189
-4872
-26409
-14554
20757
32274
-14111
2697
-30678
-17517
-14895
27655
-13277
32635
-8343
20539
13029
31319
28849
-30422
8456
7225
-29658
12284
10060
-14835
-18292
16530
-3752
-18013
16994
-8215
30533
-26225
11504
31641
-18501
30433
6704
7814
-1021
31412
26569
5430
-7451
8666
-316
3456
-32034
-8103
-15931
-26077
-11862
18019
-28507
32292
-11788
-5155
-3994
-13942
-1949
8364
30087
-9678
22575
6391
-28285
-19784
875
-14548
19641
-22584
15661
28793
316
5007
11289
15344
-10447
11969
-19791
19678
10936
20731
20006
-26361
-24544
18550
15550
-3043
26301
-26733
31614
2994
5049
6981
-27048
-19899
-24503
20999
-16465
241
26
24799
25231
25915
-9549
-30181
-19001
-2009
-11968
-11666
14711
-21863
-13938
3848
5068
-27574
-4649
-15143
22400
11422
-18589
-5362
14098
-18907
3323
-12207
1916
4795
-30666
-15598
17659
-13989
4676
-2068
12663
8096
15063
21452
-12142
9200
26821
5014
6596
5597
7036
19900
11573
13133
-26754
-21652
3793
5588
-14491
29175
-16425
-28734
22782
16450
-19334
-21139
30675
-4572
21351
6880
16978
12976
12450
-3564
-31514
-909
-29317
12598
-22502
2932
16619
3214
-4219
-10993
30756
-10326
7741
19118
-23435
28205
4456
27526
15441
-25341
18950
16371
26060
-5814
27993
1897
10814
7118
16943
-18502
-1458
-5275
29917
4036
17421
-4474
22355
32424
24759
21591
20490
-27828
-31158
25012
-3948
-28100
-5171
-30517
111
31461
5037
-31322
-25977
7799
21689
31476
-31067
-16350
13814
-28630
20577
721
-19240
20642
-11774
-19837
6628
21135
18573
5608
-8594
29170
20917
-11198
15707
25067
21939
-22283
25618
5573
-28157
28016
7245
22537
-530
-22419
-25162
7396
-29385
21939
6241
-26560
10078
256
19871
28782
26574
-31866
13727
9267
18092
27575
-31235
6405
27877
-2181
-7943
12785
16839
13742
6121
-20264
-13523
5726
16985
-13339
2138
4462
-4320
-11947
20555
-2623
-3866
-1919
25442
-14695
17453
-32398
11485
11897
-28782
14830
-24058
-10749
18533
-2350
14775
11661
640
-13916
3813
-16434
5671
20043
14641
26695
-3306
-2241
-17392
29683
17967
32260
13944
-14078
24958
11040
9734
-22876
6435
32054
16352
14383
-27399
12378
14975
3407
-29565
-30326
29765
2349
-10123
-21279
