-27303
-16001
-23181
-23235
16203
26517
-28808
16946
19711
27015
-29959
-2125
-18686
22222
-30896
-8061
-685
-2328
-9332
-32055
-30248
21084
16111
20939
10638
-3531
-985
12236
-28962
18801
20268
-19721
-32550
-9280
-8467
-10112
32696
19184
-19945
-13288
31341
-6864
-19590
15681
-15964
-11878
-713
21001
-16458
11586
-238
-11660
21750
-10340
-26145
-26568
13280
28129
30707
23228
-26978
-30886
12213
-15470
-28662
12742
17155
22785
-4004
-28871
-1005
-29210
29255
-31190
230
-17497
-32029
-32560
-1370
-22225
32479
-29402
-12670
23935
-28061
7215
26166
-27143
11575
26323
22143
11551
-25093
7750
15023
-26682
23242
-15257
-13104
-31842
12484
25242
-31823
-10348
-18308
15065
-17577
17189
-22659
-22588
-8458
26714
-20388
-32735
-636
10502
-12779
-5552
-26740
5725
24855
-18711
11096
-18902
5949
-24951
-30624
353
-7077
-31388
13181
24788
9241
-22668
30272
32380
-6209
30310
2736
31133
-19602
24265
18315
-4652
-4566
-28326
-6151
17613
-26901
5443
10395
27637
7229
-5577
13650
6124
-2243
12616
7379
24415
-27570
8151
21549
18463
-25144
-14794
29495
-444
-5607
18294
21763
15493
19984
-5780
16890
6009
-19889
-23848
-15314
26726
30347
-11660
3720
-14898
6598
15855
17370
-15147
12905
-7174
-14727
27198
17328
-30125
24634
-17038
-30034
-20240
17604
-14818
-14456
-3732
27080
-17715
-4173
12756
9660
9478
20820
11555
-13231
-19905
-4732
-23032
-19180
17244
14813
-5626
-17825
19109
-12534
22583
28512
23375
-31784
-24903
12321
7871
17910
2891
-5832
16319
13289
30976
-15937
-4077
17858
3197
24566
28423
-5566
-16030
30418
-19362
-13859
8520
13458
-14734
31837
-10151
3573
1912
-16215
4591
-20894
-20984
-22695
7681
1776
-16294
29755
14984
-25809
-26920
23194
-30936
-22902
24904
-4061
-24011
13011
-7019
-22083
-20699
1523
-2347
16568
30848
7728
-4910
-18763
-9873
25148
11558
-18075
-2004
10062
21355
14474
-26964
-122
-11368
15970
11780
-7524
-24194
1372
-26966
8248
-10857
11088
23492
24700
11161
-32548
-19386
-25032
23448
-23107
-23149
-28449
7651
25418
-16283
20069
27308
21247
-13853
2192
1340
9979
25320
13809
8430
-12546
-13136
-9249
22918
-6168
-21149
29550
-1886
15007
-8508
-5390
1696
24780
-31836
-1758
16053
-9040
18833
20543
16054
28655
-21510
30857
7560
10618
23808
-31587
15781
23886
24055
18054
20737
-10829
-14896
-5829
-17369
-14079
19255
27908
-6480
-14237
11572
-27361
12066
-10997
5506
26527
-12089
28220
-6386
-9628
-13793
-1790
27336
26540
-32128
8877
-31042
9336
14568
-15152
22236
-10334
20297
8546
31322
18547
-25499
3201
9799
-13427
-29739
11000
-2354
-4508
-28703
-12613
-7673
-29273
-26655
23057
16657
27731
-27702
-13178
7822
25280
25815
18627
26873
18571
15161
2980
8246
14064
-29761
-26992
-17281
-8672
25246
-1713
-6428
-8581
25531
-31425
-30071
14630
23689
-19108
19990
-9217
-17866
-4578
18959
5463
-27345
22693
-26597
5163
-4794
15314
30709
-637
21057
2737
706
9168
-19974
12910
25268
16876
13752
-21056
31333
-30860
-3401
31107
5419
5683
-24923
-16272
12497
-20856
-3149
-5910
-10540
-2455
-7586
-21709
24718
-3314
20802
31893
11369
-4941
-16165
21355
-16601
-30156
8556
-9702
-24543
28189
-13820
-48
2100
23616
-11650
3103
27056
-1597
28156
-17561
9363
-8815
28559
-3988
-19374
23389
-13093
-12114
-27907
2108
-7506
4412
23398
15222
-3171
2123
19692
-31478
-24385
-16359
32742
-7215
-32388
-4290
-31208
15580
17696
7598
6314
10112
-15472
-23254
-21124
-686
-18493
4131
16808
-9555
-28773
-22632
-9007
21647
-11964
11486
-18492
368
25636
4934
6430
-5949
-17281
30790
-1243
28881
14555
14084
-29163
-26056
-24008
31199
22396
5016
2944
27874
-2200
19177
-23879
7976
3474
-5231
-17180
12551
10713
24583
-6273
17626
4016
-18343
-15191
-27785
-8033
-6513
13631
28427
20122
29682
29391
26711
2956
-13331
-19126
-2474
887
-2563
-25409
5608
-16665
21231
-9512
-26238
7983
9548
-29141
-4543
27257
-11789
-23116
374
-27965
-23388
-9129
-8793
-4739
32308
7165
29076
20758
30677
-29247
-4425
30649
10629
8393
3362
32755
7772
-13505
175
-31743
864
-29196
10211
8023
-13230
20065
-15053
18182
2550
11842
7906
63
9936
-13815
5693
-20428
-1199
-1367
-6974
-7316
-6293
-5263
-4371
30029
18245
-22458
-10946
-2805
12847
-25328
27701
-32558
14377
11042
10976
-31195
-24812
19129
21295
-2339
-22914
-11750
-21753
-8130
-4454
-10323
-17147
27600
-27820
21078
24318
-24801
-27915
-10672
16631
26075
-26177
-12156
-4710
12975
1153
10050
6892
-15626
-17780
4447
31410
-16921
-12527
19473
-31104
20135
-27434
-25629
24639
-22866
1659
23984
14999
11450
-17539
15199
28156
12477
28833
-10199
22905
-6126
-10807
-28077
-28957
20534
21536
-1472
21131
-22589
-15153
-16723
6758
2034
-22454
-15093
4680
6801
22537
-3278
-31609
16014
-31905
12315
18462
-16443
22604
30849
28330
2107
20341
-11945
-23819
-31869
-23079
-5163
31720
-8327
19907
21128
8221
-27132
18349
-25259
27270
-6717
9404
-32378
16068
1563
-16841
-14199
24307
25145
-4949
-19755
-18483
20163
-23072
9051
-13620
-7322
14924
-607
-22632
3026
12
24306
12354
-21917
-31010
-25086
32258
-28209
22067
17262
7153
27642
-2395
-14340
-19748
13096
-6674
-10481
-11591
10291
-26548
-11923
-30738
-25171
-29139
31568
-26799
-21636
15954
17803
12442
28476
-7975
-1983
16195
10660
-27806
30340
-2270
19456
5181
21450
1969
-30620
-10010
21365
-8072
-1214
23911
-22810
26696
-23748
20735
-16432
-7719
30502
-23244
8662
-11243
-29082
-28407
-5154
-26802
-12721
-22161
-22555
24839
-9829
24426
3597
-14175
-1230
-2356
3434
-7575
5028
-2074
32188
26680
17606
16613
-13237
-19109
-10227
-6518
-27598
1644
6679
-341
-16745
12426
-25143
-16388
-10786
-17429
19742
-26919
-2393
17095
-4915
24025
1775
-10687
-23219
20787
-17601
-7514
700
11343
22294
29813
21861
3222
6062
-18683
-23053
15670
23473
5333
-32734
-5529
-6728
-27694
7710
-5116
-21218
28762
-10333
-25289
-7337
-28913
-3607
992
-8690
10316
-6003
-15972
-27017
-15673
31314
19144
-28571
31325
-30148
-24027
-2152
-9442
21425
25566
-9421
-432
20858
222
-27815
-19347
-26105
21258
-26095
5294
-18236
-17256
2382
2200
-6226
-14833
12388
-20007
-6968
20916
19698
-26626
-13491
22817
3906
31147
-31517
-6572
-26993
-26794
-6780
-5492
-4630
-24598
-14651
-860
-17435
19521
5601
-13956
13425
27400
-25309
-11966
22913
-21563
10808
-29109
-15681
-15016
9305
-29657
-29671
32414
2280
-4973
-19734
21607
20557
6862
-26805
-22660
2406
-30002
8924
-22120
20928
-14746
23385
2510
-17797
3380
-6480
-16732
14330
-15855
-5600
28765
5796
-22142
731
16292
-22918
-26953
13223
-14675
9105
24834
-23587
-9673
-19357
26698
-5347
10154
11421
-23627
25536
-4785
-19573
-10768
-9520
21687
19259
-16591
32751
2464
-21265
24878
12050
-14674
-7250
19669
-7126
16604
7051
17797
1721
3278
3313
-10205
-29091
9502
-31823
-16221
25531
11169
20087
8110
5178
-21659
15968
-10342
15932
-22349
20389
27091
2927
-20415
26443
11046
5136
-26343
-2915
-1262
28773
-878
19412
-31958
-19932
-12655
-11938
-3220
14480
17682
7462
-15114
-21603
12386
-31996
-6749
17626
24462
13208
-15900
-9789
-26512
-16621
-6683
31748
2248
-20223
-21269
-15567
17918
-9997
-9341
-16899
-19804
-25271
-13376
28496
-29869
14379
13067
11345
388
15960
-2949
17216
21993
3604
-23833
30573
16990
-2083
-29527
-22671
-28751
-7533
13956
-3669
22830
-25288
-29923
-15431
-12062
-29738
31604
6194
-4896
28125
-22655
-28091
11309
-16254
30946
-14234
5730
30566
11054
21801
1789
-20692
-24968
-24112
5228
-12270
-27117
-15878
2745
-5142
3661
-30379
-17275
9462
-24811
-17422
16382
-20420
-14617
-8030
13781
8814
-26230
25085
-25927
-23316
25786
-27727
17453
9193
-19801
19558
-13486
23539
-2502
-29009
-7305
31259
-8654
25961
18143
-5087
-20990
-30725
20764
30630
13456
3959
-24554
-27859
-19926
24211
-9792
11393
30816
4842
20207
11023
3965
23602
11609
-16432
-19426
31009
-1630
-9223
11729
30905
32247
2286
-29407
27556
8951
-11642
-2750
-18789
-25182
32109
-9410
-11313
-29556
13088
12933
-22050
-3903
-2712
9235
25043
-10321
21257
10836
-9566
-3492
22225
-8832
-23243
-16088
-1965
-26636
-31033
-26402
8187
22932
10076
-14989
-23567
1545
-18087
-8409
26059
6478
-13046
5735
-7271
5160
8557
-6690
-868
19368
-14189
106
-2040
-9961
-31995
6201
17369
28970
17827
-3545
-2912
7059
-11080
-23879
-2377
-25436
31450
-1782
-32317
13430
-19462
21170
10730
-25674
-6460
19558
20931
-26177
-8409
-4869
26871
-20990
16203
-21165
12213
-17204
1410
26465
-30666
30419
26781
11453
-2804
7157
-29613
-32603
27403
-17228
11923
10840
9674
970
-28766
-518
25903
-621
-32071
22040
8111
28762
28070
10767
2465
15909
-26216
-6203
-21857
25329
-19452
-5015
21509
26137
-17739
-23830
-31677
-15804
12422
-27286
-1360
2176
-13236
18489
28539
-12079
3884
-17141
805
-27896
-11867
17812
-4131
-16779
1968
15834
29808
-2576
-4739
18552
8241
-5897
-9889
-16155
-18188
14673
-30829
28115
13711
26645
-29502
300
-23699
-5599
15504
-26170
-13643
28030
-12647
-4168
-30713
-8677
21832
13502
-19508
28528
-26107
-3281
26370
9842
4702
16932
-22657
23257
-648
-12784
30606
-30657
-24204
15737
23513
-29986
-447
-14436
-15592
25416
29262
-29010
96
32114
-29364
10215
22174
30824
-11080
-29375
30304
-268
7502
-26972
-2648
8587
-1422
-3707
7809
-14377
25046
-5980
27235
-5805
18081
15375
-11506
29223
-21334
15126
2837
31714
4138
15965
9073
4135
15852
14129
22680
699
-19639
-10983
-31138
-12053
12926
379
-6818
-2517
-23520
2455
-20349
-23821
30815
-28498
-24122
-6218
17841
25181
17190
-32276
-19734
11137
-2367
-1377
-6770
17826
-9979
3885
23716
-27455
-7435
-15752
-9624
24346
-16561
-16078
13770
25027
9506
9945
27736
-10373
12544
-27520
-22734
30418
8332
23001
-30195
-11517
27777
-10160
-29222
-6632
24530
13947
20121
17460
3861
2524
23870
-19422
-17166
6021
-8055
26669
3908
-19832
14619
16034
-32380
5119
20693
-18879
30327
-28569
3971
-23708
26165
4206
17450
4150
-25940
30876
-32367
-27636
-9355
10337
27492
-14580
-8396
-2569
-21117
-10537
-20130
29922
25788
907
-17077
-8446
7566
30780
31780
-7877
29073
-4755
-9337
-2635
30455
-11980
-29833
-3731
24119
-2404
-26040
10072
29530
22331
19197
6935
-23163
26508
20800
-12536
8809
2250
5
-20553
31988
25076
-17947
26786
-30079
-8835
23443
-6615
-5237
25759
29987
6929
-21877
14347
23344
18812
17467
-10885
19192
-9455
-26763
-24065
1546
-22228
-6815
-9493
-15321
1902
-24190
-19672
15276
27741
-13715
-29936
-18519
-32137
-11089
29655
-20719
14531
19880
25576
26538
-15741
-32570
-32223
29393
15506
-14784
-20086
-5988
29781
-8390
17089
-31194
18453
-2641
19981
13337
-29952
-25044
-27871
30578
31549
-3396
20614
-8763
-6483
-10925
-16313
-32017
24731
-12772
-31560
-20119
26113
18078
14382
-14792
3397
14466
-27308
-22051
-6159
22572
29739
4646
26994
-1045
10969
22195
-25503
12201
-20183
-285
20504
-3549
6020
-30743
-32739
-29795
7218
-1156
24321
16801
-29050
-10794
13978
20153
24149
-27202
28856
-20720
9258
27956
31488
22620
-12080
10768
20253
-23352
802
9842
14734
-2012
24627
8797
-8301
17849
-20967
-30816
8323
-14402
-32042
-2489
26198
-11512
28265
3436
5136
-9194
-25571
7797
10697
-32602
-12546
-31460
8449
-4612
17491
25481
-6669
-1592
-14530
-18557
-1718
-26573
7771
-27189
16030
7922
-14386
18302
-13307
25632
-15392
30621
25190
23205
-31036
-11931
-6270
19188
15398
6153
-6232
-6308
-30853
11525
-24417
-3586
4574
17499
4585
13134
-13827
-26470
-3679
-19430
-28041
-12172
4256
7067
27022
19425
8234
22616
-10142
7238
-12127
-12904
12746
23274
13952
9124
4887
13499
-16462
6770
26865
-24299
-29989
-26756
29562
-16326
-636
-4843
2373
-27847
-23970
-26404
-4548
9643
31182
23937
5310
9243
11625
-27133
17548
-31684
-7903
-19061
-12906
-27534
3409
-21529
23924
-19069
-10591
-17541
29963
11859
-18402
-2331
13714
-20833
-18268
-22479
6014
-8061
3937
12286
-4918
30120
-23463
10643
10353
15719
13687
-28582
6040
12108
-19216
-19422
21561
18123
21342
12491
32140
-23555
-14389
2074
-23073
19254
-26359
-6740
-2674
17303
-9628
-14958
3484
14232
14898
7351
1939
21022
28283
-11494
-24109
21744
27251
-8850
23050
10284
-21444
9186
-11151
-19606
4742
12113
-11010
10602
28267
7667
25140
6858
-30312
-27093
11940
24267
-13542
31164
-31489
-26563
4214
-12900
11769
24646
-23768
24099
-7278
-7245
17476
-10303
-13232
-19230
-26967
-10527
-27521
2485
7229
29032
-18603
31564
-31949
24817
-1377
25624
-27239
13805
-18565
2913
10664
26359
27793
-12619
22117
-24391
-6434
-3780
-1057
-6897
30484
4530
7313
-3564
25735
27562
-9773
23485
8850
16993
-19107
-17370
-30406
-3907
24278
-17235
-1070
18172
14863
-3562
-26527
-8215
9815
11604
-23844
28476
-7505
-10538
-7751
-23818
15643
-28789
-13622
31512
-14841
-10246
4770
-1460
3955
-29885
-14197
11579
1323
486
-26820
-26513
11287
-11043
5579
-32082
19741
-22793
-3531
-29441
-277
9484
-26007
23171
-29903
-7389
-18705
-7822
5241
12367
-29741
29779
-30488
14108
14592
32095
1592
27938
20877
-18121
-13235
32191
3070
-4512
-23834
-11387
30255
-19017
1963
-1635
27732
26532
-5493
-17494
18152
-13111
30267
-21008
-14396
-16549
28542
4508
-13338
25955
-32712
9205
-10495
-27148
-16379
-23480
3955
15865
8707
-27551
3844
8842
-24925
-14690
-16411
5214
7513
26583
-1373
-12311
5036
-22228
2948
-15535
-1840
26278
-21762
-16894
24719
-15022
4006
21255
-2478
23828
-20809
27342
11657
-24313
28121
15893
-31354
17712
21489
22548
26452
12678
-21741
-23852
-13705
-11331
-21998
-24639
19650
-26955
-20108
605
-26035
23703
-30847
28215
-12809
29632
-9816
21860
-14846
-29208
-27016
12342
-1037
10328
1927
-28039
20604
11865
-15886
-28942
-11701
-30991
28932
3090
23790
-31782
-5331
-15540
985
22626
12452
30492
-21902
-18779
12398
-6085
11594
-24623
25026
7521
-5242
20223
-32367
-28798
4223
-10392
26897
-14105
20196
-32425
-27694
14844
-10900
15721
-28598
28524
17968
-27996
27598
-10592
23240
8733
-15338
-19784
30924
20858
15322
23329
10086
-14409
-9495
10600
18894
-27113
29941
-15541
-15849
-5808
4248
19294
-15425
-10498
-8640
-5996
30776
23405
18539
14763
-17280
26165
8488
4896
2471
-15259
-10102
-22967
-3367
28361
-29750
-25157
24190
7598
25157
15933
19714
27882
1251
-16670
-19449
16220
2766
-29898
-20554
-14483
-26231
15277
-27735
20718
3024
27691
-19248
-28780
3028
21859
-703
27599
13833
-21492
-9363
1916
-31381
5564
-7304
-9901
10337
-6961
-31605
10705
-19011
-20205
22830
25176
-22885
-23428
22322
-3088
19807
694
25833
-31141
-21552
-16772
21605
14599
10988
-22342
-9757
29384
-16264
21652
11790
-26918
-17092
29543
-2494
19154
-5062
6860
4727
18142
24264
9536
11399
-14917
-15691
-22905
-18504
-15712
10386
11782
3373
-21665
-11732
-30234
13613
8434
17159
-19770
-19033
22392
-31206
-5141
16967
-19566
19411
12862
23040
-8441
16881
-32066
359
-8616
-1321
-8917
23560
-29446
3256
21281
22023
19322
24329
-4869
23493
24959
-28400
12668
23677
-10353
20401
3662
-21737
9813
-31732
-7552
-20064
4796
-14132
3927
-22319
-1139
14211
22637
31727
-23511
2515
15387
25814
21441
21312
24317
-15698
29084
-1937
-705
5390
16807
7585
-24442
29793
-16966
-29373
-31642
20587
13458
2012
11819
31733
-10046
31590
-4564
-20557
-20176
-7571
12006
-237
29770
-650
-28002
-21092
-17433
-10736
3311
3139
-5368
-20249
-28341
-19317
14131
2230
9528
2382
-8947
28655
-7591
-1092
-7480
17031
26086
-31990
20370
-8862
5357
-11118
7784
-8144
-21132
-27312
29461
-2214
-5057
-24034
-20197
11452
-5500
25789
15649
27790
-15679
556
961
1612
11071
-25832
5178
32474
20914
-22310
9603
14623
-13633
-954
27628
-10750
23670
-16599
6904
32736
2840
-7018
29525
16083
-5928
18174
3869
-7390
-30192
-18568
-26864
31309
-6113
-26088
-6020
12786
26244
360
13278
24413
10860
27032
6647
-2574
26290
-9513
-10794
-3031
-10004
32259
24083
-1915
17880
-23019
2841
22271
-19356
-27297
22240
19864
27900
-19832
-13756
-1725
-6150
28596
21153
-29247
2206
-8433
-31177
24173
-16561
-31620
-17967
25532
18896
-24405
-28358
31502
-9938
25320
-5662
-13773
26721
23474
31922
32508
32160
-27887
26746
-7392
-25297
-17775
14299
-13264
-2656
23029
-247
-5723
966
28449
-2026
-20458
30811
-22035
-10571
-12766
-6897
22773
-16476
12671
-3635
-19040
-27994
-15560
12470
-2438
-6600
9483
-4921
30217
-26971
25540
-15075
17068
-3038
26157
-2701
10167
29517
-11885
-4693
27946
-14400
17578
-23923
-30922
-6956
-30468
28310
-24043
29832
13298
16420
29343
-23770
-31516
-2015
12698
32450
31187
17402
-2295
-12344
-4927
-1166
7560
9681
-22999
10570
349
28995
-19780
-20975
-14858
19731
-2709
-23215
3912
-31223
-5284
-5543
16118
-13053
5955
8697
-17114
27517
-25238
17596
-10469
-6167
2635
-26763
17198
-19909
-13575
22676
-19503
19314
-31474
-26177
23129
-971
-8987
20982
17521
-10503
-3791
13913
4162
15511
-22963
-21884
8281
16700
22037
12977
-10317
-2596
14677
-4469
30012
4876
-29204
7522
-3853
-3943
-25906
-821
25424
27832
-8522
22443
5376
5270
21763
-8748
18438
31451
-21995
23781
-25382
-20847
-4612
26701
-20382
-29646
-18560
3494
21673
-28684
1206
20984
6929
-21155
8815
-3558
-17750
-3454
17428
26974
-16358
-4298
-24899
20254
12282
-8684
-5333
12748
-17592
7566
2115
24297
-24587
-3324
22205
24889
-22846
-882
-14097
-12295
-1346
-8960
-8664
27568
-5981
-14648
-13883
31674
-2285
28183
-26633
-29014
27932
20917
8629
2318
-2849
-27449
-31541
-17123
-25960
-24732
-7156
-17351
21640
25649
-13073
-17018
1619
8741
-503
-2509
-20245
-9514
18068
10806
-9348
23305
21832
-31394
-16135
2142
-4179
8734
16353
-18307
26141
18380
-21858
-17755
-1198
-6594
10672
-9656
-7695
29592
-29065
32630
-20728
13157
4948
-6147
-13910
-20166
5676
6599
1322
24457
-19774
-27676
9260
-6362
7985
-12802
16832
-13802
-899
-21361
6715
-7204
23335
3491
-13314
-6478
18064
-29469
-24785
14477
3340
-4455
13153
31515
29226
31271
-30787
2457
8550
28576
7285
-24140
13894
