-23776
23209
-10903
-150
-18817
-19142
-11846
29162
-855
23090
-2779
29199
4289
16591
26670
-11935
15577
-19657
-30221
-1286
-4761
9112
-8209
26328
-14604
4064
-13772
15466
15293
-3818
31704
-8241
23448
508
-210
-18610
-18319
12575
-22281
22860
10354
-2785
6309
15976
18565
2752
-11690
-11422
28869
6754
-29911
816
-30812
15579
-11952
24708
26112
13436
335
-3403
15500
-29757
-31902
21712
-10896
-21161
16230
-3781
27813
-13687
29367
22170
32407
-6904
24432
-2717
-30202
2854
-859
11558
-17927
1609
-8935
27612
-12068
-20574
15714
12737
-10316
30048
24756
32717
-9396
31014
-32396
-15009
29651
7780
-24242
20894
-8418
-6317
-15149
10255
31337
-14280
-20915
-29234
28630
-15535
20306
4051
19411
18441
-11061
2050
-11015
9293
-27492
-14333
-10895
-28454
-30666
12784
-19585
-8095
-2463
20568
3313
13350
-22309
-2492
22189
2108
8093
-2971
16894
19124
23152
14473
-26462
16189
-26195
-14073
-30631
-23162
24668
-22871
21043
-6705
15841
-25147
9088
13203
-28558
10058
19917
-25805
-27950
5036
885
15843
-23779
-5111
6240
9863
13493
-6620
1152
29810
-30073
8754
31965
29181
9868
7535
-24738
-18718
3477
2833
30924
-25474
30585
-29239
1847
15270
-23015
-10883
-27834
26596
-1206
-27849
-55
31126
-22802
27386
-19744
-1347
11588
-16357
5859
-5784
-29892
-9731
-9627
1401
-11122
2561
-20410
-15358
15534
-15612
13883
25276
31300
-12557
2388
24181
-28294
-18564
-30981
2939
-3373
-32500
8290
-21286
-15515
1494
20876
16861
29871
3643
22924
11724
-18937
12779
-31204
10673
-5544
-17298
-17985
-10406
19350
-16906
6806
-7882
24760
24830
-29655
17392
15452
13816
-22890
4636
-1669
-6739
-21562
11400
-3191
-19829
9211
-19605
-7851
142
31162
23902
-3481
-4312
-21781
27642
32719
-27690
-23392
-28112
19583
12383
-5778
7998
-15811
23859
-22197
-15153
-1877
-9745
27543
11342
-27872
-7817
-3134
24816
26182
-17628
1445
-30121
9051
-1646
-20759
-6182
-28144
-16977
27678
-27418
-9419
-26869
8671
-1024
-16490
32207
4859
8884
-5158
-23651
-11599
2450
-4914
11546
20864
19540
-23582
1706
30450
29117
10914
-3926
-14811
-31117
-8043
18237
17522
23367
6680
29152
8896
-26677
27896
1956
23812
8660
-7786
-14179
-29572
4586
27709
-11933
-31888
10671
-19711
24018
-3570
-574
-15420
-926
-15466
-18044
3694
24910
7073
-1854
-30004
7466
7050
-22935
-32425
-28627
-14333
-15466
-30320
17000
20589
18702
17070
4898
-31359
-32262
-17531
29584
-3687
-12167
8216
-6437
11333
13519
-22933
22582
-31116
27647
-2725
-24071
27274
5313
-3119
-3057
-10087
-1224
-30563
32399
-31751
-30720
19491
25781
-23808
-25062
947
-3051
1811
24058
-15194
16779
-26088
-27483
-16255
12246
-10008
30247
15141
-20441
-27708
27367
12297
5998
8898
10803
-26632
23551
-25144
6809
4842
10083
2606
29233
-10729
-3613
-7332
15085
4594
-30322
-16758
-25815
4264
-8619
4640
-9781
17284
13984
-23266
-22861
-11267
22934
13259
-23384
26516
2841
-13904
3965
8853
16320
22292
25317
-24864
17177
31871
-5457
8377
30773
4344
-12135
-12609
30464
2723
30630
32001
-4848
-8773
11073
28263
-32649
32647
-22725
30512
7036
-24519
28741
20506
5278
19295
22123
-30472
5447
19758
-29230
-18724
-14855
-5563
-9550
-13868
-17659
5682
30947
-9535
2277
-29323
13191
-26820
-20994
22079
11161
-5683
-31640
20419
-11127
-24980
28475
-28918
-26003
9513
-25175
-3504
5365
94
26406
20077
18982
27788
-6632
31517
-5568
-5717
22568
10260
6290
-340
5092
28379
12196
-18359
27444
15337
-13205
17777
30866
-22751
-26179
-15185
-11658
29188
-27505
3061
17825
-19466
31801
12756
27470
-4084
8732
-30597
-25838
12261
14419
-6472
-3735
20658
-28992
11924
-29637
28618
-15463
-20005
-17780
3533
-10037
17216
10598
-28805
23770
-13754
-13493
-20774
-11180
17924
-17804
-29743
10882
-22148
31569
-8938
2450
-26336
13886
3717
-6063
618
22677
-23909
-15140
-5910
-2480
-30952
-16620
-28900
18446
30918
-25642
-11941
1986
-8353
17588
-14562
31785
-5771
9898
32232
11668
-31761
-28394
30163
17399
-2799
-15917
-12042
22010
11601
-8423
3624
-28796
9199
-27775
345
-26279
29143
4417
-9989
9998
26015
4635
10698
6667
13156
9803
20753
-14414
-15487
8704
3883
-21889
-19279
-21774
2326
20827
-7463
-23194
6156
14003
-25042
-7935
29287
29457
32262
18860
31698
523
-2891
12611
-2080
14466
-14477
-25921
22904
-3092
21711
-17489
-5192
-6676
15748
-16733
7096
24513
-29144
11467
602
11551
26373
9537
-24797
18367
-25781
-15472
21835
10518
19092
28922
-19438
20507
6389
29286
-9304
12333
-11464
-10247
13485
-28091
-24038
-3805
-26411
-4268
-23917
-31155
962
31538
-32048
-2994
-30658
-15640
-28238
-5640
-12364
23972
-10724
4543
6592
-20341
-8482
-3415
-10337
21051
-29577
12464
18815
-31220
5852
4402
9763
-3687
-6434
9542
12368
-19027
-16205
16597
-20783
24419
-24648
-1521
-30595
-32478
-18515
-1
924
-20112
30992
-19828
20960
6352
-27778
4505
-22998
-6559
-32041
-9165
-8180
-14115
-28081
6677
-18727
22262
-14767
-9412
11495
-5776
20717
19743
-21675
-28398
-5507
-19251
12386
-23443
-13334
-16041
15774
11307
15927
-28940
15813
30267
-31953
-30871
11546
31057
-5745
-21887
-9354
-4428
-23339
27551
-29856
-13249
-14483
8717
4182
27599
-19556
10153
7169
1797
31144
10099
-32265
22540
28111
30987
478
23721
31533
13100
-3167
-3887
20957
-5761
-6904
29582
28269
-29411
14368
26709
5427
-11753
9807
-4792
13674
-265
21073
-13750
31559
-10429
-12371
824
-18316
-31148
-31989
26392
-9039
4086
0
6193
11380
-26469
1562
26649
26813
-5087
19758
-11143
-24074
-8231
-22446
12344
1525
6436
9123
26407
-7868
-31206
727
-17198
24817
-18496
-21384
-18581
1185
8859
-11563
-6840
-25837
23845
1608
-29387
-13248
-26191
11564
31276
-18650
18141
19704
-17325
-19376
18820
5107
3298
32161
-7322
-30113
-29044
1978
-15679
25072
-1821
24474
-24749
-172
12552
-30400
6536
11638
3556
31981
-7121
32758
-4886
5269
30021
-13433
15912
3252
-17908
23450
26747
2181
-10594
19815
-16116
13245
-17799
-27730
4524
8170
-26077
-19529
-2059
-5555
19604
6494
-23943
-16915
16488
-24383
10074
-22447
-1907
32407
31799
25704
1060
-7006
-4165
31629
-30477
-10118
208
9201
-29855
-32066
-11080
-14833
-10148
31382
-14696
7931
13298
-16896
-7468
-26911
15371
-16096
-22124
-32557
24288
19330
-10244
24220
2154
9909
847
2146
-21997
-24502
-16248
30274
-20131
-24625
-4321
16524
-4914
14786
16420
5001
5808
-11871
-14825
6700
9102
20761
-24462
10379
-25278
-21665
4450
-538
30821
-31409
-26861
31118
-26264
5513
1527
-12768
18142
14407
16008
8497
-3671
-15075
-7913
12841
10191
-10001
-10668
-21197
-11578
2689
7
1464
4640
-4746
-23017
19086
-582
10429
14837
-13093
-2071
5867
-7771
-9376
-4282
-31411
6513
-6356
28972
-2236
12241
20291
-11241
17639
-16220
19976
-16240
-31368
2321
-30334
14000
1197
-26836
17344
-31985
2161
-12400
-13191
26021
-12013
32527
-17097
-23095
-16044
-18741
16676
28434
23073
31515
24150
22248
-20629
3731
26919
6354
21470
13676
-3941
-17570
22143
-6966
26081
8073
-27850
-31549
1759
-10338
-20816
-12603
6649
-18113
-27385
8609
-1307
6662
-8805
6386
-9940
-19534
16622
-7781
21649
-28392
15459
18631
7900
29341
20045
30500
-21523
-16481
-31295
-14209
5626
-5597
-24168
-32355
25227
11243
4830
-20925
-23781
23246
-5260
14736
-19784
-29162
24926
7811
31635
4748
19908
-12929
-18343
-22953
-3086
12296
-14988
-27875
7316
-6971
-3157
7478
28384
-9247
-18556
-16039
-30539
9172
-30779
10248
4857
-10428
-27297
16823
-5405
-21167
-32507
8075
7008
-25341
-16769
11283
17167
20779
17621
1060
29769
-24574
-10745
14473
-26233
-26336
23644
-4279
16010
16670
-19453
-20507
32666
24626
-32477
9900
-29917
-14291
25244
25244
-27749
13488
-31102
-4471
-22941
-25108
13031
29706
-2401
27610
-13366
22055
19501
-30237
-1313
-21013
9954
-13221
-3773
15644
-15389
22581
-17163
-5272
-26423
-30194
26927
-19852
-19193
29071
-8403
32231
-846
-20784
15228
-14362
7021
28761
13812
3122
-3435
-6739
-4894
-266
-19061
14569
11831
-28687
-16849
-13122
-31414
-28228
-10149
15742
-16855
17211
-3367
3123
15888
-15845
5148
-21747
20000
-7630
17306
29530
-22137
-24314
12053
-9710
-30164
-15538
-24904
16749
17374
19821
11186
20219
12727
14690
-10613
-15843
-7001
8704
-21223
17566
14755
9373
20558
11964
-17119
5968
17374
-29757
-11954
28268
3442
-19327
11524
23318
-19280
-15155
15561
23541
18649
17575
13708
23631
-12901
19698
-20680
-21260
-8389
21424
30414
-21161
-30511
-5852
-7986
-31073
-23872
11241
3553
-12520
2405
570
-31549
-20018
-7925
25869
13937
10296
-15943
-25495
-5739
3978
-4373
17996
12240
-21061
21257
32486
19985
3040
-1739
18109
-32326
-907
5689
15586
9327
-18767
31123
29597
22999
1268
-15915
-8269
-13374
26803
9276
32032
28122
3168
6856
-4456
31527
-19270
25588
-25519
-15850
15126
16962
-15910
19444
-6934
-31442
-1928
11467
31699
-21893
19463
13447
-22083
15878
-2317
-9681
21381
32669
9978
2446
-17107
-24260
25215
-14828
-23268
-24405
28642
17432
18272
7491
6920
29395
-13371
11807
16636
-17910
12919
-17306
29206
-23892
-9667
14476
-32407
16342
-24807
17759
-20803
26365
2401
8234
-1958
-31249
-1885
13568
-5022
12312
-4282
24289
23966
6272
-32180
19177
798
15598
6731
27597
-28056
31693
3199
26485
-7114
-10282
-24813
-1924
17888
9696
-8665
21187
-22594
-21725
-12771
-10002
-31166
-19923
11471
-22672
-1690
23384
-13317
-23337
16209
24645
-27242
-19761
9394
-30574
7607
-7282
-5671
618
-7260
-16854
-32207
-24608
11724
4250
-6871
-13392
-28400
4800
22763
-19049
25740
-4517
-13164
-1855
23891
31410
-28836
2870
3344
24508
-25841
-21306
-29795
-18222
17240
15708
25548
11632
-11776
-23250
-15400
8560
-29009
290
-8960
-6042
20336
8652
5564
-19402
-12082
-29783
-28905
29212
-8456
18557
31740
-4169
5731
13162
22739
14658
218
6437
1009
-11269
19484
4588
-26949
32484
23279
-10429
13639
5466
-30321
23421
32369
8695
-12191
9412
6399
-10009
-27138
29930
-24210
15747
-14435
-20518
-821
23836
-32337
-31362
30443
-20898
11231
21820
2824
-29575
29374
26852
-2715
-27951
23348
4560
12281
6792
-18839
-20748
11339
-141
-24212
12467
-17496
-21963
1342
13180
-14300
10441
-30838
14708
-7913
-10437
-24174
-24500
8080
-10573
16276
17463
-10637
1483
13121
-25625
31547
-17945
-18711
6271
-17833
-29243
-1900
-16310
-6738
30528
-30807
-22488
-17703
-22149
19454
-26835
28759
-22725
9478
16127
-30860
-3573
16570
-32102
23812
-23952
-11390
31577
19952
28950
-13861
23852
14818
27499
-6458
-29610
27643
157
8430
-22699
8121
-21493
-23468
-26271
-11634
-7480
1547
-26767
30709
-32246
30257
11386
-24395
-2277
-11400
19538
-5591
16198
-22581
-7852
24429
-13188
2725
-31183
-31220
30660
-4632
28714
22561
30061
-8265
-21825
-20317
-1426
25842
-5393
-7872
20409
-170
-3048
-10780
19369
24892
1979
17149
16820
11583
2226
19025
29311
-14305
-32416
29892
3195
14134
5855
24390
4623
-20794
-14177
4158
30050
13973
-54
-29063
-17925
-306
29778
-18239
-24198
16200
14060
32570
-28830
702
30886
23329
31146
17575
-14378
5959
15945
11106
31022
24903
25634
15591
23832
-22674
-31927
-28052
-432
614
20375
-31359
8763
-18076
6121
2236
-26421
24142
30718
-3826
24600
12496
28833
32717
16287
-27577
-19158
-25404
13077
-24782
-28257
-18925
3106
-23641
-32245
-26555
-1151
18793
-30749
13725
5831
1936
20551
-5469
-8917
13010
30655
-1137
-23831
-4815
-25421
14054
-20968
-14228
-18917
-1439
14140
28734
-25749
3666
-11456
-2702
11743
-18445
679
28759
-6453
908
-24618
20593
-26073
1611
-23966
-9897
-11847
18085
5174
-2197
7553
30515
1180
-21993
5264
10655
-5358
27142
21904
-30606
-1817
-11605
4253
-15208
-27509
-17977
-4052
26607
12664
1713
1444
11230
-20468
-15262
25020
-4753
19242
-12961
6320
15232
-14067
5579
26083
-8867
-22271
21748
17026
15490
11637
-16937
23001
25294
-20285
-26760
5463
26496
29619
19719
28465
29441
15565
30414
4749
-12762
-18979
-32206
29901
30822
-25213
-11014
3415
20573
19094
-11652
-18069
12103
16224
1465
21456
6468
-29147
-18322
-2291
29378
-26850
-6592
22920
-10797
5659
-11190
-12216
3281
-31352
16577
-20888
-28491
2366
28337
-26037
4104
-2879
12783
6464
-19804
19798
-16986
-22754
6811
-23837
-13447
-27125
-29059
-2364
4944
-14655
-4068
-27100
-14301
-11531
-32094
4577
-29231
17991
-30792
13442
-25067
-307
-4281
14750
-4678
19239
-18522
-20746
-900
16336
12179
-16156
-15705
28383
-23749
12603
-25170
-29023
-9607
-32505
-8602
31862
30822
-4951
-21790
17831
4465
20349
11579
14144
1415
7223
18111
21359
12163
31734
30957
8003
32652
-32184
-28609
8985
-17146
-29074
25153
27186
-4109
15121
27705
-5637
-2269
-15615
-3068
10157
30471
13372
27117
-16810
4046
-23744
28105
28359
-10941
27418
32481
7062
5045
-11696
-26189
-21125
5717
-23286
11879
21634
-955
8105
32595
-2845
438
-17245
31432
-7088
-20566
16847
-14209
-15486
-17669
-16869
1075
20156
-7704
-32693
14908
2632
-10324
15416
5061
-27119
-22128
9266
-20542
24023
6983
22473
-23906
-24163
31778
-32491
-12629
-28252
8638
-7399
-2166
12019
13317
-15617
13575
-8274
21484
8713
24648
-31771
5390
-20887
-9583
32223
8751
-8442
-5181
19916
-12897
17566
-16967
1494
-7753
-744
-16555
2198
-7637
1575
3606
-26953
-14156
4254
27295
-6494
31937
-11714
19106
16880
29346
29833
-23414
-30640
20802
-16188
-1566
6835
28636
-17891
-21294
-27243
-19182
-19952
-13929
12254
-18734
29256
-22323
-15638
12805
-2668
789
1142
7622
31291
19538
-3403
8780
26962
-4826
31
-23992
-22482
2554
-18283
11050
-21800
-28568
19169
19228
-29650
-10764
8620
-18200
-1001
13434
-16764
18715
-20951
-21387
-1937
-424
17311
-2446
-7086
31921
-31349
32508
-23771
13615
1710
20018
11974
14992
23647
-8191
-15123
-3805
10491
1811
10902
-16243
13997
-19163
-24570
14269
11005
11745
29155
-17260
23199
-20918
-5585
19853
-29079
4043
22917
28969
11843
-26690
-12417
31243
22907
-13651
7027
-10945
-19321
11070
30600
11730
-26727
-29098
-16553
-16877
-4807
-27201
-6286
10172
-27783
32300
23959
-31293
-14827
29844
23373
-27719
28690
9425
-27449
14580
-2266
28942
-23170
24450
-14848
-4025
28557
15475
-26835
13844
17913
-31311
-14631
1797
-8173
-20501
1598
-11287
20012
-9435
-31334
31030
10037
-5987
29693
8286
15868
30063
29712
-16432
13963
24777
5433
527
-13275
-8328
-26066
-24182
-2471
-17578
-12769
-8314
2279
6049
25322
20749
3930
10408
19235
-16651
21411
-22832
15155
-20093
31854
-16301
-10384
24437
-26553
17717
25114
8343
-18137
-20403
-5737
22484
27837
15514
-28730
-14348
13286
-22243
2216
-9499
31549
9901
-837
1810
24730
-26999
-20543
-5142
-22136
13481
18883
-19878
-24997
-9329
-2382
-10926
6522
-14999
21015
24115
6167
16439
-13329
-30519
-11197
19090
4267
-18513
25400
-12798
-8417
-3753
10433
-4206
-11024
208
8445
-23767
2355
-32145
-20174
4090
-14538
-17572
19913
25839
-8433
22770
-20946
19523
-26377
7030
9739
-19601
-22046
-21233
8904
25177
-28473
-32201
-3902
16819
-24009
-11423
-29907
-11798
-1221
-5555
24806
17084
16567
12888
6931
28447
-22907
4529
2545
12369
25817
22787
22782
-2878
-21188
-31855
28093
-26379
13016
-31118
-2229
5582
11373
12371
-16873
9253
-774
-15161
16649
-30085
22626
-6175
-25903
-1923
31168
-13254
-2476
2794
-20530
11584
-9174
27443
-9115
-12736
-4640
-27031
30092
27276
-4516
-13969
7383
21804
-11159
11344
-28809
-32560
-6511
21621
-20944
-32573
-32741
18862
-24465
9219
2226
-1039
24885
-31573
-15625
-9282
30223
27100
22372
26576
4961
5425
28346
25127
-29683
17656
27121
6479
14553
32342
-26286
29144
31705
11891
31269
8489
-11343
27015
31209
-19695
-2621
10743
28636
29586
-22301
-12883
30320
-6620
-29881
-2222
-19399
16242
4655
-28845
-229
853
-3879
-13167
-5777
16284
26337
11217
-3722
5764
15764
29542
22172
-8276
25376
-8569
-3152
32025
9490
-17347
7801
-20341
-25008
-8664
6147
-18388
7932
28810
7426
14961
-26123
-15248
8576
21175
3307
14283
-16797
17853
-28691
22205
1765
-11303
-9206
22416
-7159
21934
8705
8269
-26221
-21921
-12480
-11039
-23996
28140
22055
22168
23581
21280
-8676
-495
-20159
-746
20223
-31847
-8148
-15523
2062
-2287
-24589
10820
20203
9632
27000
-17530
-12278
-16356
-9767
-19415
-4162
7493
-19017
12363
30291
-3238
-30331
-18950
27528
22515
-29149
18333
-9826
-12789
-26511
-30980
6463
-6283
-27736
-14682
-20062
29663
-24693
1745
14285
-1062
-12191
-29461
-20685
-26787
31443
16461
-2872
17156
-31547
23958
21465
-32652
17745
21772
-29668
28164
-26270
1368
-17889
16078
-30091
20032
30199
-7867
-17275
20388
29137
12367
20427
-12504
14986
5507
-3891
12254
-28998
32299
-5258
13022
-25759
-4019
1806
-16162
-29551
27205
-30521
-6356
13329
3038
8353
-30814
6085
5262
-32709
-27492
-3468
-26983
277
-13998
23191
-30066
-15599
9416
-32122
-8370
22911
-13522
-18013
-26992
-29407
-22056
24599
-18672
6421
-24812
18935
16403
4332
-26669
19075
-30690
9946
17756
-10316
-2847
27074
23937
3243
5006
5961
-29151
-11604
-19885
11011
-18926
-24143
-9307
12238
-9978
26995
2922
2503
7913
-835
-16524
-29921
-20386
2478
-18632
-16789
-14633
-10199
4606
7625
19170
21398
-28660
17082
25307
-2266
23842
29752
24219
10938
-21526
30063
7917
13715
-23053
-32361
-3471
6749
12798
-6379
1153
8667
26347
-27923
-29054
-32161
-32716
26543
-21421
9877
-17406
12354
21367
-2860
12834
-23330
-633
7749
-11562
30197
4830
13058
12487
-26902
-9066
-3544
-22426
-3340
27167
-21805
25530
12625
-9957
-8025
30988
-1123
-15923
14915
4980
-11906
-21004
2868
16638
14204
25819
22821
23095
21477
14038
-29899
22549
11878
16083
-11092
4373
12323
3283
288
2349
-24962
-23120
10291
-26260
29189
-30800
-13502
-27795
-5885
8585
22990
-24248
-2681
-31809
17419
11882
-11896
12526
29248
28887
-21304
-399
24171
-30838
-20682
14868
20526
-13056
-30180
-12666
-26901
21517
1242
-9481
-19656
-4623
-27876
-25565
12236
9589
18484
-7207
-15045
8353
-31556
-24603
-1329
-13585
22832
-24062
-20987
27753
25190
-25183
18218
-26673
-23631
573
-30855
-26151
9845
1248
1572
30626
-22994
26817
23512
17274
15288
25322
-6260
30271
-28609
-14973
25115
-29023
-14210
18087
5063
-807
9671
-6616
1767
-14594
30537
21059
23637
24992
24066
-15238
-13197
17458
21321
10418
9872
-2864
-31536
-26597
-1154
22489
17506
4935
-8832
-30153
-25116
-5311
14958
-23525
14747
3692
18374
-955
27813
1639
10010
7456
22634
-18224
-3720
-8626
-30198
-2113
-5977
-15431
-25477
-12181
-2780
-12424
-16527
24882
-2831
12247
-7097
-2768
-32657
19668
10017
-22467
17977
17311
-20681
-10176
-4950
27440
-20832
-29665
27827
14852
14936
-30216
-5607
12956
-6477
6053
-26769
-11123
2840
11107
-8111
3496
-20802
-13049
9014
21908
4662
-25354
-1249
7797
-7787
10340
31117
23318
-28965
-31408
-23441
-15253
-30400
-21824
-22438
-2717
28899
3459
-19452
-23110
27076
-10626
4746
5994
21765
-32551
30192
-1900
-23168
-17780
-31498
24057
-10773
-16349
-17271
20269
12662
24746
-6611
5955
-31631
-3418
16797
8101
8084
5580
6192
17611
2925
-68
-5389
30035
-21047
-6958
-32442
7585
-32098
1112
-14214
-1947
-2670
18255
32645
26381
18811
5983
17605
31971
28058
29749
-19522
-712
-22815
-2667
-18145
17154
13551
-22952
-16355
-1409
4529
6645
7247
-23833
13116
13358
-16999
19844
25603
-20485
-21846
25176
23171
-2764
13521
-9231
15824
20858
3084
12753
-8027
17495
29697
5093
2296
-11436
-12290
3650
11495
1797
-7656
6446
-28923
-4118
-24984
-30862
-398
20576
-2981
22888
-50
1654
31243
-1505
-27376
-24149
-15131
-9582
-5962
13941
11764
3466
24572
-8684
4331
30963
12268
30025
25287
29439
-21669
8584
-26777
17508
22524
2345
19779
-9919
12269
-6454
-8891
-17775
8210
24237
8785
27720
29273
-16713
27270
-3392
3504
-16152
-13610
-21992
-16564
-1972
13558
538
-14423
9847
20880
19793
-30173
-20685
8712
-32742
-14720
-13689
-24697
-8354
-12060
-16161
28599
-4865
13572
32000
13700
-15580
15453
13684
-13470
-1465
-15439
-13481
-20805
-15538
31006
16980
26344
25948
-9159
25419
15039
-24524
-30529
-23910
19981
12084
-7758
-18827
-13074
-8269
-8248
-18311
-30327
5194
-4509
-28462
16058
-4383
31478
29971
5720
-18530
-23864
-14164
11559
9202
11388
-9715
-7967
9417
-26838
13751
-32328
25017
8228
-3359
-6579
-66
-2974
27037
14461
-7971
-30564
15682
-8981
-14971
12746
31113
16119
934
-21996
3295
7676
-11998
-2266
26385
30929
2132
-5645
22759
25905
-21513
11220
15652
17960
-15145
-17727
-25687
-11661
-8525
-12593
-19454
-2851
20420
1629
-11107
16868
-27042
-2185
-2362
28861
11344
-24717
-13958
-21025
-12313
-19771
-14767
16110
500
-4426
28741
14537
18217
20226
-27026
9953
6026
-7795
-1365
-27844
31190
7561
5331
-5409
-10314
21931
-4731
21922
29981
2641
6045
-17700
-14601
3189
6490
2675
-29440
-4015
-7780
-6294
23834
-18005
561
25573
9179
-6824
6061
-7887
-14066
9363
13729
21057
26760
-18891
-14292
-20840
-20165
28806
-26896
2274
3391
-6402
-2434
-23403
-27195
19860
-31048
-17817
-32178
26381
18241
22256
-20401
17250
-3857
-15527
-5757
22461
25926
-18735
10343
1033
-9314
1155
21155
24482
-32167
29914
31498
-13855
16787
24823
-10428
-10534
-21037
-15748
12978
-1583
15112
-14714
-4375
29089
-30192
-19942
-21294
18678
15069
-30535
1748
9029
-2096
29399
27885
5194
27042
-15094
17240
17321
-23494
8062
21001
-15974
12409
16576
14793
17378
-29774
-16873
-30411
390
-8665
-8026
16438
2144
-20809
5148
-31211
-10506
-11389
-28567
27065
-466
-30726
2391
26639
-12513
-25847
-13102
15355
-12622
21691
10181
693
15689
19645
15664
-14166
-19685
21904
-14424
11642
397
31484
13692
22836
5484
540
-23767
3910
-17071
30657
-19317
17149
17555
31227
-20773
9005
-21961
-19336
5048
24597
-18841
31618
-32155
24154
28631
12595
-31760
-10963
31816
-8787
-18434
-16280
21568
8752
17592
22062
-23495
30130
-112
101
10652
24564
-24370
-21404
-16994
18202
-14643
-373
-12512
-19279
25128
-642
19870
6083
23900
-12344
-30983
-14416
14925
-6362
23992
-5530
28907
-20155
-25951
18610
-540
16377
-32741
1888
27608
25626
25617
28777
-16177
14921
-20714
-13218
9489
11783
9457
21859
-18533
-14736
10293
-12774
-15977
-26930
2279
29720
2641
-8073
-18632
-3478
24654
10013
18020
31547
-28371
-15347
24981
31030
25940
-7711
15862
17913
28115
8784
-12471
-864
-15871
25877
4246
6687
-8251
20086
-6060
-6465
29958
19748
4580
-29504
2782
-11238
18080
4359
14932
-1551
-9118
-25106
28698
-32542
5007
17809
-19982
-11115
28569
27663
-26995
-10288
-27653
-17066
-22893
-6529
16303
18385
-27310
-15532
21528
-10016
-10977
848
6985
-21516
-23118
17497
-30980
-25774
260
-28819
5726
20605
-22903
-12429
-8286
1878
-12775
2835
26580
19928
-17476
3299
-14715
-2687
-31674
-21068
-24448
23179
11954
-6545
-3988
-8070
24246
-17338
-3158
-11914
-12409
-27486
-20472
15860
-29237
740
22353
-31386
31009
30046
-31056
16947
7935
-15779
4493
-5854
23767
1080
12900
5746
-23686
-17910
-21718
23544
16506
-29689
14998
6897
-1521
6289
-117
6285
5856
24211
31247
21099
-20447
23010
-9252
-22471
12371
-22689
12910
-27767
4505
-24747
-3909
17140
-32062
2093
-13525
-2537
24773
16987
-14174
18928
-4480
2455
32452
-26072
11307
-18339
28844
-15284
-2371
9880
29476
32018
11494
-3107
32482
-13881
30299
31481
21900
29483
18128
28928
-19827
13358
-8856
-26928
15880
22327
-11603
25457
-29223
-28838
-7623
-16796
-27760
-28151
-19233
24596
29827
-2602
17187
15199
-18367
-14882
-10220
24840
11853
-21031
-32666
16015
8400
-30116
-16961
30381
12757
16520
27945
26072
-30726
-32585
25640
-13663
12937
6469
-6019
23348
712
-9890
32507
-25418
-3849
16467
697
19084
27083
-9733
17775
-7724
-9075
-30829
8832
-7237
-28324
-13169
17186
31912
24116
-30376
-23312
20063
-18231
-1052
10450
21986
-6806
11554
10400
29277
14363
30399
27246
9235
7655
-23559
-23613
-14080
-13101
28517
19807
-5466
440
-18370
22294
24971
31696
-16923
-23838
16940
-15371
28191
-29211
14376
8828
-5495
-14223
27422
-14153
-7334
-28588
7572
-988
4744
10705
-11225
30641
-10000
21685
26315
-11625
-15469
-9145
-26385
32137
30768
-22202
30421
-32089
21800
6711
30378
-17860
-12805
11603
-32012
8119
13804
-7267
-10166
-27517
-29034
-25496
19923
-3428
-14008
811
-7824
7807
26302
-5982
-25736
18198
-2390
15677
-19164
-1312
16517
-24068
20544
25678
13777
-7652
338
17290
3081
-5828
4732
-12812
-12053
30538
21597
8709
31869
9731
-28702
28606
-23740
16425
774
-13995
-25635
11985
-19151
-25446
29261
23646
16582
1461
6451
31430
-15386
-7418
11825
-19184
31002
22196
8317
-9142
21778
-27273
-11627
-27492
32396
-3001
13751
1747
31537
-12246
-8597
5222
-8345
15079
-10599
32516
-23539
-18728
13434
-13201
30286
30397
28310
-21278
3546
-17244
-26089
17949
-10084
-24081
-15070
12850
-7740
16181
14243
11525
-455
7941
13107
-4269
-4874
-5178
-28415
2953
-20257
29988
-7678
10100
8165
28492
836
8709
-24440
26221
-28771
-14129
28408
6517
24521
-8743
-14549
31819
19713
-13965
-27972
-11448
2629
10048
-2781
-30487
-11459
3392
-17123
-14105
16074
-32140
-11049
9411
-2845
-22134
-2536
-28198
5674
1278
9789
28878
2032
561
8248
2647
-13356
16463
27008
-22434
-23616
-29741
32332
22807
26013
27318
-26003
26134
27187
13344
7621
18298
7535
23323
4970
3318
23240
31338
-8195
-3056
9712
-8322
26234
31780
23869
-5603
-22058
-16839
12559
-30796
480
21097
-30572
-24845
-227
20783
2387
28766
10605
25301
7930
24968
10415
-7659
-30405
4605
6496
16192
-24791
-18066
24599
-2409
12547
24250
11877
30273
-29915
7219
-9148
13737
9373
-30534
-8532
32654
5797
845
26661
25924
-28293
20734
16871
14128
14711
17902
30217
1995
-21966
-7962
-32730
-5133
-626
-28960
-1380
25085
-22486
-14519
-15603
-28070
5957
7554
-28173
11324
-27592
31324
-10708
-5660
-5315
-26252
1812
23856
-18782
11090
-17844
12748
6469
9586
-24587
-5334
9488
-27415
24030
19650
2298
-27432
-24791
-4663
5925
6887
-6816
-5496
14034
13983
-29928
-16924
-17213
1830
-15698
18287
-3589
24955
-10079
-29277
14648
14477
-1850
13404
-29767
20105
-14304
-12028
-5037
7403
-24821
-17700
-8105
-15241
-9227
19132
10202
19738
-32751
4720
28797
28490
16478
-6407
-1828
-3547
25323
-13700
-20312
7795
-15074
-12374
8182
-30157
-3585
30264
8295
31774
4875
-26520
-8692
2590
-30113
-5166
-27651
22113
-22642
24248
-7331
-6546
12589
-10032
24172
26158
20173
-22980
9269
20445
1946
-28412
10865
28689
8981
-23427
5503
-28549
11877
6236
-21896
1743
10633
-19156
6846
-2158
5317
-10544
-254
28247
18201
-7061
-11767
-23421
5682
-27462
10749
-28601
16959
31276
-10681
14652
-27557
28249
30109
-15409
4693
-3513
-4691
-27364
1309
10430
-8953
-9123
28615
31397
-24558
23557
26343
127
-15508
27549
-25849
17973
21192
-25553
-3951
7145
-17203
20114
20554
-9340
-29835
-32143
-9378
10664
23758
-20420
-28888
-1540
-12707
26754
31482
-14344
12958
1472
1312
-31303
20401
-19925
1732
-25757
22462
32265
-13295
-11602
-10836
-14381
27422
29168
25635
-31858
-14019
-28646
2920
-30984
5344
4938
-18099
26427
7228
2149
-7588
-11202
-18557
-20191
-3902
-31403
-27556
-5265
23430
-9830
22789
-29267
-14095
-7198
-722
-3435
-24404
6957
2410
18234
13728
1548
30135
2345
-32559
9399
-31182
-29450
-28166
-16241
-11302
8474
22839
8467
13923
-25644
31628
18372
14046
-23775
14399
-4611
-20513
-24173
-31910
16861
-26881
-3609
-13179
11957
-1782
-2694
29794
-29775
-21379
-3111
-26620
3823
30495
-17380
4304
26103
-2922
-8734
-28476
18137
25772
12481
951
657
-10725
-18479
9554
19423
-12927
-27759
21709
15839
14587
2343
30723
-12397
19553
27491
-18482
-12459
15792
-14258
3701
-8220
2989
-5915
4000
-24611
2307
22771
10213
-2176
-25148
-14997
14010
18348
28416
-26253
25111
29413
-16792
-19623
-3014
-29375
15187
-14689
-31597
15630
-15129
17154
31575
11803
-29298
-28874
23612
-121
25895
23585
-11091
16976
17434
437
28187
-15110
-32235
12104
6672
-14659
-2198
27418
12780
2256
15973
29226
-23186
-21891
30061
-30956
20798
31897
-18113
11149
21767
28357
14480
14777
5432
2924
11179
-21048
-11627
-32746
6839
1969
21936
13184
-21250
-8167
21984
22951
12522
4720
6139
5996
-28312
1184
32166
-27530
29764
-25454
-18039
6602
-32107
8989
-31924
23482
-8444
-23737
27001
28824
-22605
-27896
-29150
-19247
21812
-24813
-5908
-3413
20259
29904
-32316
-32196
-4316
-20895
-24192
22531
1040
-7405
-18112
32100
-8960
-1307
-19047
3165
19278
-24470
20107
-31420
8168
13558
18329
18359
-31169
-20088
18616
16815
-17767
3600
10889
21530
11253
32631
-16824
-10823
17019
6610
-15481
-8769
3280
-20857
30994
29718
32011
-12631
29680
-12588
-7565
-6834
19280
26994
1620
-25327
-9420
-18356
-15648
-17882
6519
1890
-16358
18957
1277
22485
27337
2820
-11742
-20662
-20823
31005
-4038
5679
15496
-28337
-15263
-29406
-7343
10454
28459
-15089
-1495
-4491
-28875
-12388
-24610
32076
19605
-16229
-5489
-23191
17379
30331
7504
-20624
18109
18045
-2127
-8781
32427
-21971
-14387
25081
-25138
-28504
-25398
-24183
-16015
-25125
17738
-31913
4366
14387
-15105
-4828
-16430
15164
9737
-8678
26329
-7136
-1906
-5681
14987
-27054
2585
-29362
-2740
21152
19903
20418
18358
7648
11340
16918
27019
-784
-7922
-25780
-23260
11578
5616
25864
-10954
-4683
-24596
24264
-345
27823
1053
21615
22840
-13823
3547
31953
19285
29079
-14512
27064
-11499
-21737
4589
1692
-30487
14199
-21181
-18484
-32405
25493
-18690
27320
-3617
14319
-32553
-16770
-13302
-5641
29793
-28352
-27515
1655
-18572
-31368
-1313
-15925
-31689
19730
10445
-25484
5601
-14502
30132
13047
-17065
-2320
-19474
12964
-19674
-12218
9055
32354
32443
31956
28166
20069
7546
-8404
654
-2313
-28286
30829
-1323
-12459
-11392
18199
-25395
-10483
7380
-24301
-21593
6043
3852
-7221
9208
-11309
31369
31156
-24202
-29499
20871
27377
-8909
-2100
9807
-13514
14882
-14869
-9739
22885
-30839
-7765
-18033
-31256
-5190
-19736
4695
-22965
-17684
16822
-23426
-18606
-16147
-17085
-26898
-20788
-21176
7066
-20627
12824
-22543
-14602
-8530
21792
29049
25048
-7716
-9224
27824
-16220
-29218
29154
28408
-12690
-8315
4328
13857
-20954
31364
-24515
12096
15595
-1970
-14902
23928
19058
17150
27272
18862
-9824
-511
23695
-31636
26026
-16676
30510
32280
-21609
618
18353
-6758
-13009
651
29946
-19139
26776
-7499
-10480
-31704
-29123
23626
22218
-17834
28191
13420
-19157
30528
16662
-522
-28334
-31379
-7031
7140
23645
-11987
-25353
-19616
-7109
-17215
-9684
13119
20817
19160
5665
27727
6126
-11830
-25406
26365
31558
16254
-12450
24452
-13783
-38
30978
-10677
-2901
-18093
-24888
24776
1921
-5795
4638
23423
-3227
24681
-12351
-26285
286
12315
-30512
-25219
-25756
8788
-17323
7415
21601
5856
4530
8649
-7695
-1903
31539
-21307
27880
1827
15557
31069
-12395
-19377
4730
3807
29377
-10360
-10137
-30689
-9487
454
2295
20520
27348
819
-9457
27955
-8090
22646
5961
-25947
-4793
1104
1642
2936
-28388
19348
28378
-4089
-27387
139
1328
4897
2935
-19299
-32393
-16250
-12395
-21882
25566
-13139
-2460
-61
-9883
-6637
-22333
-23750
-4153
-1061
-31423
-2075
9972
26138
-22013
-28466
-17605
-24925
6906
-5579
25936
31304
-19336
7238
-20580
21337
19530
8605
3972
-4597
-3170
-1354
-15552
-4433
-21850
16211
30785
27084
30878
14540
21964
4592
-25089
-27941
21725
-6127
-17507
-2601
-24609
-15595
-14796
19653
28568
-19007
31015
23997
20048
16517
13578
19886
-21177
3393
-11450
6924
-19032
-20134
26879
-20684
24947
-16817
30272
14971
7001
26031
26769
-14425
28910
-20008
-26497
20774
29186
-21323
-25294
-24191
31958
24978
25772
4949
27575
17661
26511
-3126
-12262
-28692
-6873
9125
-22058
20965
-12733
16550
-16820
22430
1218
10016
-10419
-16476
-30605
13627
-18744
4428
-23498
-16866
-11183
-15246
7099
-20205
16609
21614
25683
-4863
-10086
-12544
21026
11348
-1559
21104
-17794
28714
15930
-22443
-30742
21188
-3126
-31845
19058
8742
-25886
-14518
-18603
18966
26424
-5237
16781
8679
29187
-32144
20473
2430
2568
-23244
10783
-15404
12351
-20100
-4140
-25381
-23844
18780
19144
20609
-15571
-3394
-13817
3741
15229
26623
-32426
-7519
-25744
-26599
-21332
-18439
-20431
-23588
5227
31493
-16508
-21321
-21263
-10164
12078
28179
-31245
-11447
30223
-21549
19217
13963
-16272
-25582
29892
-32442
30489
-12355
24156
-28617
-32417
13527
31119
-18032
-12113
-10556
17693
-19473
-6062
14490
705
25145
-13365
26972
-17978
2530
-5685
-712
-20802
-170
2356
26442
-29754
17720
-27552
8137
30478
-5176
19317
-4441
7446
-6571
22387
12020
-4577
-40
7411
-7017
10609
14305
-27600
-16781
-30128
-17216
26731
-5892
9556
17503
29984
-461
4347
-28233
-181
28823
17641
-9055
-5055
15171
7387
-18396
10009
3283
-24379
-30019
9004
31028
15277
25685
6040
5974
32110
-22453
9438
4148
2061
-10195
-5080
3227
-14507
26738
6649
-19044
-32568
3882
975
16126
-1906
-17149
653
-5374
4485
14505
32731
17146
-764
22921
28326
8152
10414
12952
-17740
16824
-23358
26049
-29260
-23426
16637
31619
24231
8009
-26582
-10860
-20708
-1244
-6299
18998
-10867
-24366
-29196
-11391
-19228
-21423
8521
-13364
14478
-18534
768
-7011
18138
-19417
31257
18615
31250
-31395
-8440
2514
-964
2524
-20260
20568
-30382
21336
-23284
-13447
-1408
-15459
2125
-21171
22862
-11294
9956
-10668
14205
31750
19916
-2223
-28160
-19226
-15321
31964
15013
-17849
-26716
475
21140
-21533
-21391
-12138
-32746
16350
9853
-27631
-6253
-5326
27439
11898
-31671
-32321
-12085
-29009
-30930
-18411
-22183
-1702
-6112
-4786
-24985
28952
30524
-24958
1267
-30645
31806
8681
-19590
16343
-7283
23750
-18833
28153
-12384
9057
19769
14767
-4920
17616
26898
-10301
-10655
14657
-10763
521
31081
17218
31528
19985
31940
-20683
-17595
-5398
12059
-14886
-21738
-22779
16408
14214
-16458
-29988
17684
-21955
-8747
24297
-13092
-32174
-24649
-31287
14537
14192
27295
-23006
-8551
-4487
-13903
3906
29889
8036
-17065
-28946
-19520
-29376
-26306
-28625
-30430
-6682
9209
-21287
-19493
-28609
-7362
15842
-30684
4557
16286
6783
-18450
-31918
2898
11139
-16981
-8343
5343
-3162
-4313
-23257
13384
-14841
-20602
-15329
-12625
-29216
16678
-4576
-11069
4110
-5770
-9929
13344
-22961
-11635
-18989
23740
12197
2756
-18318
-16181
-8084
14981
-25554
27280
-15479
4095
28340
-16444
-22111
28473
19535
19288
9052
710
-31604
-62
31586
-631
15016
12672
-21056
-12991
25004
25111
-13760
-2957
1212
3227
-18252
-32268
23582
1159
-14386
15011
-9037
-16816
3043
-7608
-4812
-17642
22517
-21099
18998
30101
-17351
-10112
15495
25062
-28090
-1410
-4949
17533
9197
15948
22553
10408
-14684
-21504
10651
-27461
-4698
-30228
-25220
22317
31364
1906
-26348
25359
-18891
-9038
-22025
30276
-27325
-8933
814
17344
10836
25803
17698
-9122
-22023
-18474
-25939
16287
25611
2866
-710
17833
-30139
-17591
7667
14004
8587
-7207
-24159
29685
6862
23730
-29072
10363
-24372
14699
18514
-25790
-2642
-14161
5513
6424
23885
816
24135
31669
5865
-11361
4698
21021
6171
-24542
-30366
-24681
-8861
8716
-24886
5387
12944
11520
-2831
-31623
15807
25689
28381
-24076
14485
27410
20605
18648
-23565
-23789
16300
9769
24001
6275
21168
16338
-18132
-20013
6003
19879
-6970
27898
-26074
31936
25266
-17875
-7693
1436
29571
-26169
-8324
23054
10720
9692
16797
24126
-23383
-18423
-19210
23435
4067
24605
25565
20397
-18332
-29949
-7386
11689
26796
12094
31739
28895
25797
-5624
26347
-8379
13201
-31877
-26921
9132
10842
5990
30121
-27677
-28324
-18584
20167
5536
-20968
-5340
-10829
-15336
-29997
15032
-31692
-9598
19403
-6466
-25162
-17103
-13714
-28515
27410
-8810
8703
-19741
-24451
-25985
-7854
32302
-13642
-14259
-17300
-29674
16854
-29705
-23333
27834
23136
-31069
32113
-21548
-24115
-8087
-9913
-18494
-17001
897
1611
11495
-1252
15992
-31333
20860
23805
19542
16768
-29184
-26997
22013
-21284
-17847
31534
-22517
-23890
30536
-9632
18221
3066
7129
-6325
-3593
-16082
-27848
32569
8816
-6077
-31471
-32037
-2761
16481
-6341
24988
16119
31752
-28862
438
13456
-32551
828
21161
-3471
16636
5895
15561
-30846
-16114
-22920
-23193
-776
3113
19624
-12108
-4851
-1447
29253
7733
31615
6772
1478
-310
-11679
-16067
7586
-18229
-11034
-28136
-16824
27531
-32227
-25155
-280
-3537
4813
-9093
-8401
-5484
7040
7204
12738
255
4058
-16796
29201
-12814
-23330
30772
-9705
-25109
-11614
22590
31761
14485
6783
4684
-23727
31966
13078
-4575
-22090
-5100
-11319
22464
-24649
-9337
-21283
-10589
1576
-12975
-8612
-2316
-30404
-112
4887
-18245
-16146
-14497
-9648
4860
326
-16789
26777
26436
18621
3703
25908
-29739
-4050
18736
8207
3513
2287
20376
23820
19373
-3889
-29639
-17692
-30973
31166
22468
27598
14064
15312
-5211
11003
-11631
-6972
15918
-7388
-26897
22737
2443
10460
-29629
-18526
-28824
-19511
-18866
3617
28349
-8149
1707
7469
-27045
-25286
2277
25286
10978
11739
8612
23742
-30855
-5639
2803
-25866
6749
-27997
26779
29856
-17730
-20409
-28189
-19440
-23470
31611
7386
-18311
26586
-3015
32604
-18926
-7238
15952
12280
-1600
12111
-8494
3357
-23847
-28696
28430
16301
28341
14042
27514
31169
-3167
1436
-26836
-25361
-5281
31200
-28171
-14592
-13202
2090
22894
860
-30440
-24124
7549
-13769
21258
-14541
-18692
-28398
-17650
-198
20552
5034
-6505
-9188
-20284
14344
32025
27160
-10577
5862
-4772
3491
9434
29843
-18699
21577
13569
24280
13766
-13991
8274
19522
-3434
-9372
-9587
21812
26020
-16811
20384
22798
28338
-3526
542
-11549
-3513
932
-28397
25299
2204
18354
-6168
-13395
-28198
-26225
27274
9612
24255
-26496
29840
6177
-18253
14181
29778
28775
18416
1023
-14648
-13045
-10543
-28878
-18764
20720
5591
-27693
-27625
-214
742
25081
30371
25694
-26544
-27652
-20097
-21406
17863
-196
20129
10657
29239
-20366
-20370
16606
-25587
3356
-1019
26105
-25128
-4595
-27850
32490
-23515
19988
22938
31919
29861
19372
15195
15433
9304
-3646
30078
29013
21072
-12114
-26418
1538
-26383
3007
-32186
23712
17401
-20511
9616
-19178
-15555
-25591
24516
4734
-30800
-13388
-12131
29640
-9836
18603
-13407
16215
-14529
4759
6864
29594
-17222
28554
-7099
4118
21311
-28187
-14730
23948
-18182
-9735
-4382
22615
-21826
17926
-15508
16499
-27982
-30530
-15548
-29661
-974
31885
565
-31369
-22825
29862
6966
-8994
13500
-24804
-30914
32189
14520
-28287
28407
9091
-17349
23447
-883
26439
2180
14278
1900
-14878
15687
-19038
-7299
-10314
23227
25064
14298
28489
-3557
-19877
-12046
-26145
20124
13363
-31819
15769
-18150
-4910
-10955
2876
-31694
-25495
27105
29366
-4836
6918
-2703
18949
-4606
-28103
28124
2269
-27506
-29351
-20229
12775
-23804
22945
19199
-3613
26337
1734
-15515
12995
17094
-14915
-6952
-8550
-16764
-22881
-13865
14273
16614
-9248
-16878
18047
3258
18444
-1721
30955
11496
-10689
17789
1178
-20735
-15934
1047
-582
-4629
-11879
7423
30101
-15134
-8088
21163
12802
17454
-14883
21079
-15880
23270
-42
-7544
6481
15168
1828
18246
17826
6721
31568
23188
-3381
-29325
-12477
28173
-4968
30996
-32491
27958
17285
31467
-12883
-27989
24122
24896
29646
-30925
-6401
6273
7569
-31437
25853
-30730
2140
-19243
-23944
31540
31778
-7632
17835
-27607
-3637
20141
-23966
-19663
30001
-9651
-11856
-28540
-24810
-11468
4960
14434
-4030
-12962
13415
-26818
26381
-29531
-11244
-2863
5677
-12943
10090
-25875
22925
369
-18918
17157
21993
4709
-1904
7871
31308
-17166
32055
23539
6088
-4968
-14639
12347
-17067
-3304
-18771
11961
-18486
10118
10571
-30737
3756
-1121
-30926
15663
-3138
3343
-21588
16504
12717
16397
-31080
30893
-30063
11909
-7579
-3400
-23679
-26906
-30535
-23896
-13420
-8148
28226
-6232
4233
23716
-5397
16080
-10473
-4941
27892
10823
13186
-25246
26075
-31434
12956
-27449
18659
-4760
-12995
28703
-17806
14933
10875
26906
13159
-16624
8261
-8796
21259
-26103
-32319
-16512
20508
-32128
25518
12911
29034
20718
21935
12320
-32421
25590
-25095
-22343
-5666
-1841
16733
21480
1579
18665
-15796
28914
3968
25229
20509
6942
-3992
30677
-19844
-23494
31760
-22230
8164
-29313
29804
-29312
-5545
-20748
28545
-5066
-29251
17644
-13178
-23558
-6087
-15400
-1783
652
-12425
-32288
-8738
23817
14669
2459
12727
12564
-29415
-5698
-31357
-9221
12306
-22771
5381
-15341
-5572
25666
26933
-11334
-12133
-2547
-26304
-9709
28776
3774
17899
-12939
1738
15656
-26083
-24903
1509
30841
-14829
-8064
22614
-4171
16125
-26651
-25660
19775
-7373
19558
8008
-9987
-9853
-13809
6475
-16145
17435
-8685
-6782
15996
4887
29302
25084
-26860
25638
-21905
20097
13920
25486
16610
-18887
-24827
3331
-31792
31986
-12646
-11651
-26131
30874
16876
-304
21251
221
7214
-18584
-1948
-24661
-2569
20523
-29192
10314
-9029
-30390
17583
-18869
-42
3363
8620
24637
17949
-30050
-29107
18812
3560
15190
-23496
-15668
-30182
29948
22653
9224
18235
-10400
-15639
30338
26465
-12578
6969
19783
15539
-16628
-15352
2113
-21053
-7020
-14669
-4456
-3832
17005
19196
15289
-15749
-32635
-28349
-2991
-6437
-19805
-23215
-30231
18527
-17331
-8192
-1043
-4210
4260
17602
28265
29806
11154
4186
3803
-28681
-3117
-29326
899
1244
3703
-22479
-4986
-23906
14243
-8893
-25527
4373
-14214
25355
-6564
2693
-19905
-16311
-14530
-17127
-19730
9278
-5649
11505
31812
-24872
-7849
-13885
-24779
-19153
22695
20322
26685
31903
10033
14957
-20396
-16590
-1266
-2923
18339
32069
-31288
-8079
23577
25946
-23083
9370
-19107
15124
-10854
5081
-23266
4749
16987
-1784
-23836
2650
-14844
9953
-31169
-30958
27559
-6532
-31347
23016
14358
13384
-27557
-28908
-161
-7722
2107
-5484
-20309
-31197
-11266
7292
24979
16488
-15808
-32002
26557
-5811
32450
-21367
22189
-31955
-5267
1348
29359
21871
15235
27666
-7915
-5059
-22821
9775
18122
-32104
-28931
-16968
2517
13347
56
-27050
18786
-12485
30108
14341
-4371
7062
-26305
32075
27781
-10556
32740
15664
20098
-12016
30680
24127
3614
15547
-31577
14092
19691
-31062
19184
-14868
10476
-32407
4178
9723
9226
-18089
-23063
-17244
28025
-30514
13461
-10462
16697
-9814
22248
17759
-12836
-10541
28407
15773
1609
16501
-31101
-6938
11269
-29924
-27481
-2823
23746
-30787
9257
-26220
-11339
17452
1859
-26857
21425
-31644
-18266
-13343
7428
6023
-16554
25607
5359
17918
-28496
-26190
-26792
-10443
-9714
-23486
-1655
-25391
24350
3714
26244
24155
20485
-32024
-19716
29758
-3886
24515
-748
547
-15338
-30172
22481
10152
-26140
-24744
3474
-21791
24817
-2617
-25061
7097
-22142
18242
-10660
29389
-25020
-16747
13199
-31536
-18012
20319
24114
-32179
-12252
21144
18046
-24570
-28669
28437
7120
-29839
-20532
-23366
-2169
25427
17708
21731
-21308
10436
-2621
-18480
28965
22404
-19877
27874
-25128
21736
5754
-16042
-5721
7416
28323
2252
26182
-16224
-20197
-16969
-16887
16053
7940
-18123
8847
-11119
12438
-17978
10491
22831
29330
-9907
7862
-19673
-3803
-26123
10747
18870
11393
25332
-20415
6342
-21708
-2143
-17911
11223
18794
5097
-8491
-30271
11015
19374
-1415
12972
30469
27705
-10546
-12279
9419
21912
27224
-7781
13527
27620
28448
-9689
23183
-14363
18587
-32723
22991
11110
9005
-15493
30292
31538
-22941
10771
2043
5211
643
-10577
-214
-30201
-15169
9334
28486
-16034
18284
-268
13098
-7338
761
-28354
25118
19560
-15035
-17766
32681
13590
-30706
-27658
27377
28087
17102
31080
20196
4699
31179
-12322
21541
1035
15814
-6115
-30993
11284
14385
15393
-18685
28325
25778
-32573
-28291
-22134
11788
-22482
-3658
-29212
16225
-5429
-158
28067
-23830
-31386
-18317
-5390
-901
-6802
-8795
-5454
-26301
-29468
27415
18152
12125
9462
13073
13029
-2831
-1696
-26151
-8855
-9690
5236
-471
21429
-31273
-4844
-25368
31202
-9002
8119
848
3634
-3518
23616
-14443
-30315
-26048
26281
2029
5597
6251
-6157
22593
-10964
-28655
5627
-6460
9289
12367
30011
24387
-4664
16072
15707
23392
-14493
-26799
-31154
-13009
32342
-26467
-24113
-4639
-17774
2285
9040
16257
19687
-20397
15569
-20443
14830
-31315
-29931
10324
17738
-16940
1152
-14672
27052
-11918
186
6643
17908
-22197
22582
464
-25819
461
3030
2485
20837
392
27222
20721
27028
-6310
-27157
-19645
-13436
19323
21018
18723
15394
-11380
-1557
6499
-5062
-8703
-12917
-7917
24979
19594
29404
-30629
-25969
-10526
27681
-27219
20901
19152
-11228
1955
13861
-7789
-19509
11105
-13510
-32378
-10981
1608
-3640
-13652
-14119
25903
-6221
31761
22726
22730
14493
7768
-18570
7739
13154
-21307
13293
5885
-9207
22026
-893
27554
-19300
2959
-15048
-308
-14339
-15912
-12535
-22282
-13563
29769
-13660
9615
16958
3215
14540
23047
5538
-18032
-15022
15598
10437
5985
-3622
11853
7665
-15571
-12133
19524
20424
16926
-29007
19209
-24794
4336
-6648
-11306
-17855
-26336
13307
-25054
-32330
-21648
42
-30170
-11403
-5694
27341
5819
-1796
-27509
4102
2247
-9767
-19845
-8664
-8675
29931
-22197
21167
-14805
32619
17826
-25756
32494
-30683
32588
18481
-20263
31979
-25275
8381
-32663
713
28415
-17475
28022
22199
-31092
-3808
-18420
3339
-7736
-3778
9654
14957
15528
-25219
19406
-32226
25104
-28273
-10552
-30555
-13259
5720
-29845
30127
-28020
-2027
10810
-5950
-5514
17524
-27187
28888
2533
-30383
20625
21873
10117
-11850
7629
32477
-29130
-27783
-30525
6534
18801
24660
-3948
9293
21051
-24810
23954
26411
-26988
6406
19497
28014
-22549
27239
-18037
24177
-30489
8905
-24606
-25961
-31045
6295
15764
14060
24737
-17509
-20027
15964
16915
-13467
30429
9404
20285
-23787
22542
-793
-11636
-846
28341
-13266
1926
14768
-20837
20388
29140
15879
11610
27461
21319
31307
9101
-100
473
-12020
-32108
25565
-8713
-14632
-2603
31425
-25944
27634
26247
-452
-23471
16135
-6594
31213
-25413
27635
15223
-26095
4
18551
-7530
10238
9775
-21773
30143
-8239
-2641
-7711
21922
15504
-19996
-5664
-4243
-23464
-6641
3404
31180
-11254
6243
-2852
-12749
-12563
-1627
-31154
25689
26457
2024
3067
22707
-9759
-12272
6266
15861
27423
-4471
-793
-29398
14752
-25717
-15234
-7422
22527
-9107
-2942
16191
-4246
-873
-17649
-15264
-14807
-16682
-24463
-1828
-5257
-17162
22558
-31476
-12820
-32323
1202
19339
-23994
20811
31952
-32155
-10312
-19967
-21857
-10640
-10913
13352
10885
-12415
-14661
6615
18163
-7317
-23021
27813
-28558
16514
-7179
-23234
30424
20184
-23995
-15863
23754
30460
1950
-29064
-28053
15081
25644
16483
-23653
25539
-25062
14034
30403
19924
3115
5898
-24101
-26443
260
2167
-12112
-11825
14600
26109
2058
22743
-22396
-10766
-30065
-23314
-8244
6424
1201
-207
14518
13531
-20873
7720
14400
7649
27533
19192
2780
-13550
-30769
-8577
-6614
-10140
-29105
24527
-28202
1161
-13845
18020
11086
4217
-10857
-2853
-15231
-16806
-32655
25837
-12836
17256
-19855
-30362
-28141
3970
11250
-30609
26043
423
13838
-1016
25917
7712
13703
22720
13124
-13302
-21614
-7537
-21877
24554
6874
17845
28447
30657
26759
-28116
-26877
-27161
21642
12690
-29021
-8148
28613
-32697
4328
-20037
-27918
-13501
4868
-27499
4111
-16174
-31019
4565
9299
-276
17948
-3693
-21465
6772
-23909
26433
-18194
-26671
16227
-391
20884
-29159
15514
-9575
30161
18169
-8046
-657
-17828
22648
27300
-8153
15271
27380
-15519
26444
-9973
-4404
-19501
31411
-18058
14295
32735
18432
-20232
8499
-3818
14594
-32018
20027
-8100
22653
17309
16579
-3316
7708
762
5550
24688
-16242
31282
-9859
20635
11682
21158
-31041
-6351
11686
32727
-7260
26637
-16945
-9162
19494
22522
-31944
200
21339
29831
21788
-10269
-16453
30530
-16
9136
28538
-10061
-1797
12217
11458
12578
-24831
16858
5287
-22142
30052
-6497
29652
-2982
6292
-18804
1476
29097
28777
14980
-3893
-5701
-184
-6379
-28040
-6289
-13813
-30242
31073
-20417
29494
21461
15476
1823
-12930
-128
-17270
-4763
-31511
-11834
28209
12283
-1993
-31691
-15814
-8404
26579
11404
-9653
32195
-29826
-3743
2368
2634
28221
28418
-9205
-23324
-28100
-6179
-5154
-20777
25399
27675
19949
27107
-10474
16409
16403
-5746
32314
598
-1414
11331
29897
-9239
21345
-3618
30316
11854
-3141
1508
-8961
3717
-6457
13408
-12857
-30875
6145
30549
2124
27046
13121
-27684
-11851
-21835
21727
-23029
21176
-25408
62
2406
6842
-12657
27425
25863
21058
-10755
8637
3129
-5044
4890
20698
-26194
-28950
2296
-22425
-29697
8213
-1082
13968
-3011
-18204
7126
-32138
17312
1461
-18468
-25966
10977
30163
-5185
-16586
26256
-11571
-30851
21458
10555
-21226
-22396
-11364
29348
-6730
15998
-1552
9647
-31173
3900
-8988
-10206
14135
-19806
-4548
14646
-31737
15768
-32438
-1037
-7051
16913
24383
20993
-20186
19010
27556
-10645
-19251
3238
18797
-3346
-3175
-14416
-21164
-22348
26965
21561
-13074
-9643
-5009
-27111
-31246
-7651
32696
-2820
-32743
26886
-14169
-28809
17267
-5087
4090
8268
26480
27750
-24999
7894
-19146
-28623
-20771
32006
13870
30908
17029
2766
24071
-18597
-3716
-28537
14704
5870
-15070
16316
-19717
-16462
-18829
3700
-22818
8175
28503
-10225
5066
-19315
16510
18354
-17042
23166
9376
30579
18415
-14826
-289
24419
6667
-19785
21375
-13019
-23053
15238
-9033
15688
528
-31044
-26114
-28551
-1062
21485
-22676
-25232
7855
-14732
-7582
-14995
24892
-28698
-32144
-2826
-27549
20645
9455
-3192
-22478
-22191
-29969
24030
-22126
-13639
-10371
5504
3551
-17002
27448
-20514
24755
-11883
-29370
-9872
-4588
-11300
-18967
-14958
25348
-12152
-10107
22798
-24313
13975
22787
9316
-22461
-2690
11701
11688
25143
-6798
10786
-16948
19149
-9995
17424
29311
-31522
-7931
-30834
-25708
-24659
23417
-14455
28975
27513
20359
-11622
23078
20846
25231
-25424
19703
-4604
-32004
-10331
19692
-32263
10981
15658
8060
20504
21609
-8589
5294
16230
9007
21997
2376
-2155
-10245
14642
9733
10217
-19084
25650
19591
-20794
13584
19535
15172
-4449
-30091
-763
30562
26191
-13169
-22482
14141
20675
2621
10457
-8701
24042
21360
-25478
-13319
30429
29682
29206
7807
-3130
-14430
21760
4372
31994
30080
7114
29083
2352
-30125
-3984
-23330
30418
-7276
-26505
-17454
19599
-11158
31780
-23442
980
-9143
-15582
15708
31286
-985
7755
-17051
8044
-17933
-31513
-8007
-22725
10910
-16922
-22271
-25804
-22466
30354
29736
-11574
6932
-28658
31625
-3020
-3019
-24997
13325
-15130
-1967
-29142
6185
32114
23976
-25160
32455
27105
-1586
-7000
-4238
4138
-12382
-28391
20169
-29825
5804
7371
26716
10014
5106
-30
-1308
-24503
14949
23983
27265
4440
-11180
15478
-28796
-24272
19744
29585
-12787
24399
-8848
-32487
-29046
-26297
-32433
-31894
20073
12518
-22503
-26043
27320
-13460
17571
-12263
27924
6970
32330
-5395
19470
27678
15291
5055
17590
-9398
14608
8602
-11740
-27214
14364
20163
-31866
26176
-14665
-17018
13294
-30820
-114
13264
14277
24448
-16596
6183
-29233
-26576
-22490
-9218
23114
15005
-29989
22533
30820
-21747
25117
4645
-32506
-22241
-2932
4324
-30129
-27613
-13173
6219
-22983
30088
666
-22951
-9142
-15507
-18561
5813
-26916
7844
-6431
-31725
-90
-4031
1016
24178
-5331
6165
24263
-17091
19977
-8508
-20735
-32603
5983
2422
12678
-8735
9126
28045
-7392
-3445
-29206
-10526
-5627
17905
-28855
-13588
-16262
18819
18794
-9800
-10077
-12103
-31910
-17601
23629
16269
-20294
23156
3869
-17929
-9003
-13923
-5264
26022
-17576
18982
-17338
-30491
32722
18455
-8870
2765
23866
-19913
-20550
19928
-26774
-19794
-13647
-30768
31292
18870
6874
-13986
-19639
-25423
7870
-18669
1307
-3389
-18142
2057
-26546
-9193
-21331
-27582
-702
-19297
31102
-20486
-15563
26652
16020
-26971
19379
2395
7805
-17131
26592
-10517
-26181
16788
15786
-1062
32051
12032
-21241
-16412
7629
21419
-11063
23679
-11665
18922
-19991
-9302
10704
-15154
-17807
-15708
-206
-25690
19668
12081
-32420
-24639
21803
-30398
-20855
31497
-30760
19602
-24114
32005
-9822
-6368
7422
-21549
24266
-4529
-16790
22515
11223
27219
-3585
-1880
-9020
-1346
31828
-1849
-27011
-30124
2510
19314
-11974
4788
-21867
18055
-31039
26742
30847
-12771
-10622
1074
7322
-17489
-7454
4114
13844
19553
-6769
10560
-14923
-11786
-3884
28054
6200
-17322
3210
-8938
-26180
16245
26798
-31382
682
2841
29878
31979
-22999
12094
21492
-18975
16817
-24152
29471
1472
-21472
28417
28224
-17411
-28085
-20692
13931
-11502
3295
-12097
-2941
30666
-2656
2975
-18348
4603
-21496
-26366
-25095
-20121
19816
18170
-3391
-6893
15513
23325
26519
31621
-19893
18497
12048
706
8213
-15528
28697
-9656
-19819
23537
-17044
-14091
16004
13810
32438
-6929
-15106
-4117
3583
2011
-10495
-8522
-19295
1936
-30765
3682
8380
-9723
18431
11258
-19453
-21258
9532
23994
28690
-31900
12379
-21151
544
7046
31256
16747
1564
1405
26636
-6303
1595
13469
-402
21343
-5786
-1841
14084
-12099
10317
10367
6050
11144
29058
-20696
-5788
-29776
-11868
-22748
11072
16193
27350
-19981
-32500
30862
-13837
-27984
-7560
3370
-24806
-31134
16759
24747
2308
-14428
19059
27441
31222
-24901
-1017
17116
11342
-13090
22869
24708
7740
-32443
2372
-2623
8956
-3143
12835
14213
14908
7553
-31918
-31492
17288
-29151
-18890
21345
-14851
-23942
-29151
-16659
14212
-20831
21079
15934
-16696
-10574
-19014
-29498
31783
31960
-29356
-12724
-7361
30501
28950
1134
5928
24924
-27529
27586
-3801
29299
8313
-4049
-18281
-2042
24011
17707
23413
22617
214
-6529
17647
-18113
-15172
-4270
20468
22059
-2735
-17922
-31672
6997
-11857
11590
22583
-22332
1468
-28406
-18794
32230
-24379
-10750
-21239
4457
18268
29731
16738
-20339
-241
-20762
-354
30517
-31784
14947
14598
25384
19132
-10718
-1328
-16907
-31326
18569
11532
-4489
10158
9508
7683
-12223
-15008
-1826
-23135
-21957
26228
32074
-28893
18095
-22872
25881
15932
-30265
-27192
27975
19097
-14609
22340
24211
-9148
-21491
13403
-25653
22583
20639
-14135
26894
8379
-1975
24243
-15916
-22028
24323
-13689
650
-13702
21832
6533
25477
-8307
-15187
2626
-11076
17786
-498
-29291
-27213
9653
-28550
18197
5629
7019
14141
-21241
-26070
18429
-11404
-15813
-32538
13647
-23489
13308
8032
21181
-26424
-13161
21717
-699
-18286
11204
-27975
-18789
240
3578
10026
-20494
-7229
-15480
-16298
-21002
-9889
12287
21056
22104
14560
17572
-12568
4971
-19549
26223
26143
25068
-17442
13548
-12407
17624
-18395
9962
22344
28237
-31209
-26534
649
-22143
-13867
-20130
-29794
15312
20960
31736
-32629
-18628
-22267
1238
6082
-18710
-3263
19228
25797
-6001
-1931
-16595
-5798
17036
28090
21867
19487
10956
32244
-28365
-8478
17300
29697
-13207
31251
10878
21253
27946
-31974
24
-15598
581
17293
-25718
25560
-23961
-17707
2985
-29275
16853
-25332
-25281
-7871
-11117
21374
3656
-7867
15160
-32296
-29795
9371
15127
-26006
-2187
21905
27055
6741
20267
-18838
-27789
-26835
-23268
-1615
13689
12834
-1197
4698
-31278
17424
-4935
-23142
-16771
8842
554
16197
19957
-9105
-3748
-18680
5490
7462
-23500
30073
-8008
-24459
-843
11357
-21028
4013
-3887
30332
-14609
-27584
-6805
-16513
7730
8515
-26559
-19375
-20833
-20255
-31374
27601
21372
-26290
3841
19596
6273
-19156
4510
-15783
-27615
-31911
-18151
-29113
-24889
17796
-18371
24626
20367
13613
-9580
-11019
18678
-25248
-4705
2883
-19406
-26923
8158
-25726
-26205
-350
3614
-22640
-3861
-13215
-32420
-19664
15227
-22026
13575
-1596
-17524
-27753
-10610
-4400
30380
-23290
1897
-3416
-26747
-21509
-27305
516
17825
-22497
32434
8179
31633
-15547
20646
21021
-13513
-22464
20068
-15385
-27730
-7662
11277
-12218
-10835
-32609
22960
239
-18994
8180
-24896
-13819
3336
17234
20568
1636
-21115
19153
13320
-22285
22156
-31694
-16929
6666
30968
-18445
-13123
-25597
-17252
-2456
-28028
-14219
28631
-8343
8670
-3153
-15188
17132
25490
-9163
29532
-17525
25668
19514
-19630
-4981
453
-25701
25014
4611
5761
-7171
-20084
-32612
32667
21487
-21709
-13035
-8542
-30851
20092
-32516
21785
31602
-14695
-22725
8045
1442
-26876
-25543
-21832
-9121
648
-8856
8505
-25764
27702
18743
-14911
20717
-30712
19830
8607
31494
21219
17625
13957
-13937
-23912
-15979
-25485
-22180
-27628
8586
-22451
-12487
-25164
12857
11017
19813
-28840
31253
-14297
17755
-29249
-25331
-25859
-15925
17941
10409
-6585
18672
-31120
1687
6071
13745
5885
22117
-6386
-24368
-3657
3660
16526
29983
23791
4707
-30023
-26335
-30781
-16742
24530
-13627
-6696
-2429
26625
-10251
22059
6621
13003
-1558
-24914
-118
13264
-17952
10158
-18141
32542
-4650
-16437
-32407
-5131
-3621
-3635
-30717
14985
24836
10734
10797
32419
28655
27033
7886
19712
28218
32480
-29079
29357
-14856
6353
-10425
9913
30283
3200
-32196
-2674
-1612
-29239
-24758
8972
-6269
-14989
-21501
10179
-11384
-32093
20986
17075
-26433
23766
29185
18103
-27382
11823
273
-27050
-15033
31293
-9881
5581
1823
-25588
-4550
-23722
-9812
8809
15070
14858
-3334
-24268
15975
-9393
15643
-16112
-723
-980
20233
11010
-14279
29683
-31380
-15213
29378
-6849
15166
-25906
-18087
-27636
-8956
27357
31144
3632
13029
19354
15977
-19491
-31688
-21299
-28952
-4346
-17072
948
2030
11231
-28155
-21161
-1000
7533
-32696
93
9051
13377
19902
4226
-13173
15033
12050
-1343
-28981
-10759
-24242
-31195
18747
-17099
19425
-10961
6618
13096
-21079
-28716
744
791
30600
-15962
1027
-23244
6768
13249
-9603
-14945
-709
-19107
-19443
26473
-15253
-11355
2874
-2206
-19338
1443
-867
13999
-29582
-25101
-29989
-30709
-23669
20571
8926
2770
-9600
13689
30293
382
-29988
-20581
-31021
-8711
9641
-5634
-24751
1698
381
329
5906
26535
22471
27827
-23152
32465
16530
-26365
-20320
-10668
23215
12813
-13075
-31062
1175
-15760
-24092
2694
-12317
-12599
-23665
16322
15416
-25838
30900
29594
690
-23702
9895
-10011
26921
31320
23380
12743
9922
7213
6869
19419
23851
-32502
-22480
8028
8416
-2363
-6018
4173
20725
-8913
22478
-8106
4691
-8408
-12774
-13086
17577
20178
-27565
-2399
-16312
29693
-27839
17600
7608
12135
14538
29090
24819
15445
-30288
-22789
-17224
-23025
10276
-12669
-28854
-7663
16339
-20557
-20863
-7591
-20717
-17652
-3213
29477
-6001
967
-9158
6972
16637
1517
-13083
-4702
1780
23240
18825
-27215
4876
5794
30511
-2448
20736
-27882
2721
-8931
27622
-19795
-20964
28584
-20950
26867
-26795
-30137
19414
-30744
-25654
6119
-2023
11030
-7984
-21470
-4056
21407
5790
-30401
-25648
18607
17250
-17571
30323
-28812
-3691
-17232
-32015
21994
-30702
-26882
-18831
-18549
30969
19417
28588
23403
-130
-4847
-18249
-15492
-6426
-3683
19140
-9918
29481
-4144
-14218
-30671
-17980
-4666
11552
-8553
24302
-31290
-9352
-13694
-16535
-31776
32702
19826
11802
28184
-14706
-18589
-3829
-6634
13494
14383
24868
16489
-12865
26815
-5629
-21625
-14029
-5550
-5496
7773
-21458
4242
22814
29668
-5343
13313
25646
4475
6446
7585
29234
16928
2842
-14575
-23986
18107
-29259
16934
-419
-20039
27403
-9727
8356
-14145
-17082
20612
10245
-4791
26154
-29635
-20175
4953
6774
2331
-11013
14475
-10584
-17013
-11407
-25261
31781
-20662
-25007
-15486
-18183
-20114
-12212
30789
-19132
31569
17118
14280
-11640
1308
101
15536
31732
-11728
-640
-23416
7830
26373
-13538
-9545
-8213
21370
27220
-1833
-3024
-32063
8259
-11494
9435
20061
-6772
208
-14179
-29200
-9038
-14639
18791
-2921
-7057
21069
-16099
31009
25400
23190
5045
-12494
12825
22644
-4415
-11616
-2673
32360
18877
-14165
-4641
25392
-18214
2266
4107
9440
-2445
-23895
-20923
-14939
25189
2496
22281
19492
13667
13767
24803
20069
-16248
20048
-18454
-12966
-22088
-23796
9655
-23317
21000
19225
-13407
-31434
-4865
6192
21346
15332
-3487
-3988
-7517
-20249
-32267
-15957
-7983
29001
30472
-31369
-16158
31396
22228
30211
27370
1317
-16062
28508
16033
-7260
-17876
3921
1884
-4020
-23453
-29005
-19999
-21053
7152
-28187
24781
7594
-28015
3725
11857
593
475
-32032
-17706
-749
-16107
-27704
-7296
-27517
16996
5896
-12762
-6289
-21214
22559
-16424
-10084
-15220
3472
1909
-23033
-22420
-27248
21160
-17923
21881
-31533
-2139
8788
-10761
-750
-2333
-11221
27403
2204
-1892
21351
-29360
30892
-20971
16974
-3795
32595
3992
17550
489
-8433
-3529
18645
-16960
-3907
25941
-814
-16891
-9072
18348
-3469
24693
-28895
-19341
-3083
19914
15713
-24062
-17834
20039
-7625
22377
-29634
-22380
-12631
-24897
-15681
1519
22685
-22695
22054
-24668
7202
2482
30651
31174
25284
-2096
13340
18324
18282
9984
-756
30514
-19296
-15113
-14568
6138
-16386
32176
-27715
-15467
27258
-7637
-6188
540
-4043
-161
21936
-11051
21992
3981
-18232
10568
-32765
2482
-26579
-9861
15853
21348
20301
-32754
13025
-13085
29572
-2681
31841
-3819
-3324
10955
-289
6000
6079
-29531
-15309
31322
9573
8999
-29106
-22035
24314
-11414
-14718
-5946
-22141
16266
-1099
-4305
21402
11986
11618
-8503
28222
4149
26866
10809
-32553
-28969
-31834
-10479
18027
19781
-27259
28843
367
-27355
25624
-29143
4182
-9411
11657
26592
17598
17886
13797
-24231
31165
-23699
-31375
-30190
21831
-13500
27351
11768
12571
7336
-20888
-24124
27255
30342
19651
2551
-1449
-7940
-14990
23423
17368
18213
15449
-6712
19792
23322
21038
26535
27736
-4009
-15123
23380
11913
18862
-27070
-11600
-15430
-3713
31571
-22572
-27185
3599
10259
10395
-454
9664
-22023
23191
21841
-13014
5211
-13742
22218
15450
-883
-14308
106
-18888
-23385
-12460
22191
28236
16287
-18405
-24313
-9280
-27677
-17457
-11011
6424
-27448
-6286
32215
5098
-21227
-7129
-32365
-30941
-3678
-29357
8601
-20859
-24505
12044
-11085
12418
21121
-17114
15531
-15138
3925
-1898
-28564
-254
27696
6538
-8766
-31727
-13456
-23356
7376
16868
6442
7052
29087
-6754
3735
11007
-29362
-1252
-6904
-8277
21844
-22176
-15636
-12969
-12781
-20930
-26429
2360
29427
-28581
-6657
28277
-13595
-2692
19992
-4260
17819
26823
-2403
-15111
-11698
-5181
8913
-225
-16144
-768
8043
30006
30169
8060
31003
-6468
-5852
4545
-24379
6031
-26687
-24433
20189
-1166
3457
7481
-15146
-15405
11426
27758
30589
-31857
-20272
32365
15842
11987
-22702
29719
21039
-1998
-17449
-20773
-1489
-2446
-27782
512
11276
31900
-10315
19824
28181
10908
-29512
-13891
6910
-26212
3848
-26725
-28977
-30557
17865
17571
19360
13485
10780
-14061
-13860
-29129
-28451
6499
-13181
-4991
4529
5904
-24671
-20430
-1062
5736
-11828
29530
21130
18422
-23451
-26294
4027
28538
16329
5580
-2482
23604
27744
16308
6174
-14358
-20927
-31746
9753
12360
-26382
4521
26293
6743
336
-2693
-26600
-13044
-29255
5671
11563
31466
-25085
-24653
20311
-10375
28872
28621
15497
31981
-11155
27667
4025
-18941
-25322
9524
5170
-3636
24940
6071
-13151
22705
-18021
6574
29761
-14583
3237
3169
17352
20587
9225
24842
27390
-22723
-17279
-2016
-1988
-6729
26218
-2634
13391
-2566
-28376
3277
-8692
31780
-1432
19498
2065
-31884
1697
-13835
27839
3888
-1945
-2472
5372
-12481
-12366
20786
-950
18949
-282
11811
10552
-30046
-3720
-6947
15771
23561
-26436
-28374
26598
19291
8473
6260
-19497
10468
16140
-13003
-18985
-12568
-29461
-32264
25787
24778
-27310
-5190
-20073
20497
15105
1591
-11492
22435
-11061
26888
-13238
-16967
-6681
6237
-26059
-29311
29057
-20931
20011
-15813
29730
826
-6979
466
-18401
-21955
3824
-6473
-5002
22242
-19899
19710
492
27450
8026
-26436
17428
-3619
-14974
-2112
24633
-22142
-9193
-27815
-3072
-10702
-10719
-5145
29838
28924
-26778
28861
-4298
-1792
26856
-11439
-19836
30743
16271
754
16694
-10566
30641
-31631
1662
5666
-32609
30183
-3362
30082
29324
-27110
-18438
-29448
7324
16191
-29959
-13654
-17063
-18411
6947
-17188
3834
-2261
-16798
16240
23233
21904
-32403
708
11928
22548
16542
8401
-8873
30741
-15744
8162
18418
16434
12251
-26825
18478
-2271
-18711
-5041
-8161
23588
29572
4950
-16022
11070
-21952
6974
-11891
14697
11348
8380
814
-4743
-12575
-10164
231
31491
462
17622
19967
26243
-13706
30041
-7542
16907
15130
9558
19979
16305
3024
-13110
-7450
-31226
7960
11693
7123
-2778
11895
29887
-28364
14296
24662
1315
-25383
25037
-24931
-14973
1009
8232
-18410
2926
18610
-1435
21812
12908
26641
15665
31683
-1770
-16921
-2292
-14929
14774
-3262
4471
-31505
-24703
13231
-4119
5064
-23684
-2626
-1573
23728
-22626
-10153
5378
-14225
25522
16931
15123
-17414
-29734
-14323
10391
8537
-24511
23399
15696
29518
1538
-28151
-23956
-2150
-11574
5567
26321
-29818
8323
9583
-20849
-3865
17383
17795
14816
23270
14508
-3893
-23996
3757
-1678
1098
-1730
24610
-13372
17620
16939
3451
2910
27873
15696
-24405
-11543
-15404
-30587
9142
29974
20534
-21722
-13687
24723
-29403
-5460
15177
-30961
28661
24288
-6506
-9035
-27721
-20126
2846
-381
-24033
31303
-8434
-23251
-16645
2109
6655
-7148
725
-25754
-23503
-16741
1214
30961
-29010
21388
-20544
5463
-11042
7961
27236
-6804
-21712
23630
21566
20485
4328
-27961
-18568
6570
-19319
5387
-26492
-11378
7311
-15979
31351
-15408
12831
-14825
-22447
-31025
-6950
-19676
24722
-1674
23900
-18994
-25485
4775
18069
9491
-23032
29499
12582
28721
16468
-802
-27961
3208
24825
-17072
-3836
-15860
202
-26143
-10499
9928
3906
10349
8616
19043
19944
24433
5153
-20859
-21803
-1082
15679
-30485
-22375
-29721
13628
-3409
5596
-9213
-15215
-32107
