-28883
31158
5107
-26580
25209
18263
-12915
-19768
13712
31389
-32429
-31333
-24306
-10171
-19190
-8430
-10274
7602
-14728
25469
32417
-2616
-3611
17445
5102
28700
-23116
8930
967
-18546
23864
-22565
-23186
21025
23334
17005
-31143
29723
20081
-4251
30298
23769
-21113
24005
-5339
-21055
-10099
-26009
4003
23948
-18993
30447
13516
26847
8017
-5057
7189
-16498
-1815
-17213
23464
16398
19287
8914
25366
24341
29133
29896
-10275
-520
-8073
-3940
27321
26737
19689
32767
-20133
-10767
18900
11232
-28166
14229
-10979
12055
16379
-15850
4872
-3509
9285
10718
-11402
-10396
-4809
17394
22092
-20428
27956
-18645
15560
15861
14463
-9741
3603
-6833
-1986
-16588
-22038
-1974
-32518
1192
-4869
-12229
-28620
-27587
32570
-22892
-8711
30670
15558
23021
-21630
29105
-11409
26172
-3996
6409
-14371
19193
1830
5976
-28404
11963
-18887
13477
12297
22018
-6548
18779
-10957
-11850
-23069
-17205
-29407
13639
28513
21936
-15191
-20433
-11123
156
-5417
31891
-1527
14638
20751
-21940
8037
-29477
-19997
-8985
-23502
-8580
-18795
-12042
-13824
-1959
14801
-5691
22622
22184
6767
-16350
8048
-7597
-20213
-23235
14234
3636
32738
29895
-30796
-11385
11393
16157
-2849
-22343
13716
21194
-6020
-2335
24273
-7958
29377
11859
20579
-32183
968
-5836
7624
-10445
-31210
30165
-25458
10751
-25426
3557
-13253
6283
-20075
-26486
21484
2454
23201
-7694
11108
-8064
16349
8734
4519
21200
-22341
28469
-20491
-8912
19859
-12082
13819
-17553
-12567
-17429
27659
18568
29781
3852
8493
22580
-17040
18570
-4550
-23920
-2289
11790
-1407
14844
17629
-12671
11829
-928
-26272
-30384
1537
2992
-28600
23895
32754
26469
390
-27527
32488
4762
-197
-30060
-19098
-7397
6213
-18818
25196
2291
4783
-3491
21881
768
17256
-31044
21088
-5490
5204
-22529
-16387
5473
20955
-19374
502
-25987
-32137
-11872
-15759
-17981
26303
6163
5596
-5812
-27672
24141
-27214
14557
10871
11559
13773
8767
-21329
30173
-19669
12510
12210
-19658
-12682
10747
28180
14556
6176
-25669
-20815
-14627
18744
-32555
32016
-6809
21595
20212
-15144
-7073
11125
-17502
11597
3693
-2240
376
18468
-16421
20104
25288
8986
-21431
-13378
-18962
13903
-9587
25300
-29046
27058
-24542
23454
-5815
-14323
-32611
-6709
32396
-10312
10618
11815
11308
-14143
8689
28636
24626
329
-3631
-22667
-5599
-7977
-23433
19048
-8822
-20419
6257
1288
2109
-19250
13562
-22251
18739
15200
-28871
19312
-11062
1703
30557
-21184
-29927
17267
-9568
19551
-4631
-17427
-2269
-27659
3714
16901
-8832
-17549
13844
333
981
-3724
15308
26207
-24458
-12601
-12856
5087
-11695
-13475
29727
-2783
6031
11258
-24496
2216
-8778
19183
26078
14183
11613
-24611
-32138
15855
-18514
8723
-7195
31522
25715
30190
12292
-20782
8644
-4359
-4407
25589
24614
-2186
-32135
26090
-9759
28407
-17364
-13433
-12594
-31840
18615
-15830
4773
12267
13155
9818
20381
29335
30191
-293
15588
-31133
-11613
-14242
16731
-19038
12861
-983
25267
9545
32382
23017
-32549
15636
32062
-23710
18323
-19363
-20734
31572
-24628
18648
-26833
25286
-12868
-21929
-4447
17069
24311
-31313
28193
-28115
-7545
13373
255
23215
18702
-5212
16120
-31827
-18751
534
-21657
31062
-5123
30278
3969
-3276
21173
17232
11842
24650
-26709
15402
-513
12588
15868
-5806
5212
18398
3511
25330
-8353
13348
-21170
-15385
-1271
-16200
10676
-12713
13046
-3488
16372
32253
-6909
4618
-2012
-15954
10926
-29780
-32297
-23464
-26494
-25634
14752
-15043
19015
-28730
-5613
19921
23976
12016
-10008
-6028
21396
-17819
21788
10764
-21960
-31699
-21869
10746
-28152
19304
8482
-16055
-19773
-16639
27874
-1587
-31364
12478
32163
6513
-21759
-31981
20716
7266
25954
11432
25160
26747
18731
17039
3404
7797
29480
-12953
-15300
-10494
5114
29857
-10916
-19222
-11735
-9305
-317
30369
352
-27692
-2657
-21393
10867
11337
-16817
-29862
6769
-4714
27016
-10847
-16841
29748
20902
-4600
14559
-13780
-4099
-9692
9567
22598
-22740
22647
9664
15281
5934
9001
31611
12043
-14410
-26666
-1255
11877
20276
-6921
5093
31905
25948
-7610
-22942
25059
14193
28370
-11789
-25889
24746
-17725
1065
8409
13491
-3592
10562
863
11330
11534
-8379
10461
-31164
-13770
-10173
1861
18069
-1913
-15283
12894
-18934
-15773
22785
30232
32287
13810
10902
-14166
14396
24864
24398
2425
19702
16091
27874
-13455
-21174
11628
-8810
-15223
-9474
16777
-18277
-14378
-7811
-652
-3687
313
23396
30914
9548
16979
-21891
-12546
-9506
29814
-15841
-28995
21698
-6065
32081
-10985
-12390
26727
-6200
-10367
23253
-5784
-4791
-13848
-4793
6456
-4007
-29245
-25984
-8643
6393
420
19554
-28669
7786
18504
-8691
12471
-32502
23234
17607
20507
-25274
-28638
2187
-4485
-560
1682
14357
-23013
-24261
-14146
-21755
-17463
-15156
-7763
-23293
-16216
29646
20878
-14961
-24649
10599
-12052
-5299
-12035
19316
22598
-3766
-25806
-2978
-25782
17028
-19805
6827
32440
-8590
-12393
-13001
-7908
11545
-30293
-2768
-10255
-12911
17729
24019
25064
26439
-22527
-3964
8910
-2004
-20516
-17503
21018
6365
-842
15984
21322
-9652
312
-7643
2805
19384
-23247
20278
-23692
29819
23410
24429
29593
2559
-28642
-4715
25336
-24081
-5211
-1994
-13711
-12211
-22001
-10657
4956
24420
-10381
-32418
31849
18189
-32768
-24813
-26894
1807
5377
-28517
-3268
-9054
12014
4634
24592
-511
26739
436
1995
-21600
17595
-32315
-12499
29319
8890
27635
20423
20889
-30311
31068
-17047
8960
-28835
30366
10529
-30235
11395
-3393
-31390
3590
-4761
4377
-31626
-5431
-17479
-29083
-19214
-26880
12518
-6363
-2009
11743
5918
22087
19368
-12617
-24368
28167
30780
19030
-11721
-19273
18003
-1290
6505
-31486
-11825
1629
27223
-15314
30878
-22049
-14715
5088
-27905
22755
-23815
14118
-29823
4446
19757
27769
-24496
30886
7264
-15705
22163
19559
-24035
21217
7537
26455
331
6600
-23698
-18768
-26359
-28162
9760
4826
9479
-18966
-4033
-14544
-3087
-23209
-14550
-2058
22751
-6288
-24554
18119
-16684
-17029
29781
-25774
-24266
26801
-9592
685
-24938
11396
-19048
25681
10507
13378
11788
-7300
-12369
-23358
-8601
21514
-1352
-6214
28942
-23542
-26399
14659
19681
28697
-11518
12856
17878
-23366
-17949
25348
21849
-17037
6003
-14066
-13825
15143
-15743
5152
9563
25996
-1744
-14385
-15512
19958
8936
23035
7751
11784
-11444
-8474
29936
16581
-14370
-4544
-8677
31203
-15302
-10222
-6396
15862
-20678
-27409
-7777
22780
18101
-5144
-7285
-31729
-5953
11772
29404
-7703
30618
11193
-719
4909
25850
11405
-29608
-31131
